Iter,Valid Score,Test Score,Model Parms,DP_Groups,Experimental Index,Time,Experimental_Release,Predicted_Release,Score_difference
3,0.10892003162950115,0.10260615860506932,"{'subsample': 0.8, 'reg_lambda': 0.01, 'reg_alpha': 0.1, 'n_estimators': 400, 'min_child_weight': 5.0, 'max_depth': 5, 'max_delta_step': 2, 'learning_rate': 0.2, 'gamma': 0, 'booster': 'gbtree'}","['5-FU-PLGA' '5-FU-PLGA' '5-FU-PLGA' '5-FU-PLGA' '5-FU-PLGA' '5-FU-PLGA'
 '5-FU-PLGA' '5-FU-PLGA' '5-FU-PLGA' '5-FU-PLGA' '5-FU-PLGA' '5-FU-PLGA'
 '5-FU-PLGA' '5-FU-PLGA' '5-FU-PLGA' '5-FU-PLGA' '5-FU-PLGA' '5-FU-PLGA'
 '5-FU-PLGA' '5-FU-PLGA' '5-FU-PLGA' '5-FU-PLGA' '5-FU-PLGA' '5-FU-PLGA'
 '5-FU-PLGA' '5-FU-PLGA' '5-FU-PLGA' '5-FU-PLGA' '5-FU-PLGA' '5-FU-PLGA'
 '5-FU-PLGA' '5-FU-PLGA' '5-FU-PLGA' '5-FU-PLGA' '5-FU-PLGA' '5-FU-PLGA'
 '5-FU-PLGA' '5-FU-PLGA' '5-FU-PLGA' '5-FU-PLGA' '5-FU-PLGA' '5-FU-PLGA'
 '5-FU-PLGA' '5-FU-PLGA' '5-FU-PLGA' '5-FU-PLGA' '5-FU-PLGA' '5-FU-PLGA'
 '5-FU-PLGA' '5-FU-PLGA' '5-FU-PLGA' '5-FU-PLGA' '5-FU-PLGA' '5-FU-PLGA'
 '5-FU-PLGA' '5-FU-PLGA' '5-FU-PLGA' '5-FU-PLGA' '5-FU-PLGA' '5-FU-PLGA'
 '5-FU-PLGA' '5-FU-PLGA' '5-FU-PLGA' '5-FU-PLGA' '5-FU-PLGA' '5-FU-PLGA'
 '5-FU-PLGA' '5-FU-PLGA' '5-FU-PLGA' '5-FU-PLGA' '5-FU-PLGA' '5-FU-PLGA'
 '5-FU-PLGA' '5-FU-PLGA' '5-FU-PLGA' '5-FU-PLGA' '5-FU-PLGA' '5-FU-PLGA'
 '5-FU-PLGA' '5-FU-PLGA' '5-FU-PLGA' '5-FU-PLGA' '5-FU-PLGA' '5-FU-PLGA'
 '5-FU-PLGA' '5-FU-PLGA' '5-FU-PLGA' '5-FU-PLGA' '5-FU-PLGA' '5-FU-PLGA'
 '5-FU-PLGA' '5-FU-PLGA' '5-FU-PLGA' '5-FU-PLGA' '5-FU-PLGA' '5-FU-PLGA'
 '5-FU-PLGA' '5-FU-PLGA' '5-FU-PLGA' '5-FU-PLGA' '5-FU-PLGA' '5-FU-PLGA'
 '5-FU-PLGA' '5-FU-PLGA' '5-FU-PLGA' '5-FU-PLGA' '5-FU-PLGA' '5-FU-PLGA'
 '5-FU-PLGA' '5-FU-PLGA' '5-FU-PLGA' '5-FU-PLGA' '5-FU-PLGA' '5-FU-PLGA'
 '5-FU-PLGA' '5-FU-PLGA' '5-FU-PLGA' '5-FU-PLGA' '5-FU-PLGA' '5-FU-PLGA'
 '5-FU-PLGA' '5-FU-PLGA' '5-FU-PLGA' '5-FU-PLGA' 'ETC-PCL' 'ETC-PCL'
 'ETC-PCL' 'ETC-PCL' 'ETC-PCL' 'ETC-PCL' 'ETC-PCL' 'ETC-PCL' 'ETC-PCL'
 'ETC-PCL' 'ETC-PCL' 'ETC-PCL' 'ETC-PCL' 'ETC-PCL' 'ETC-PCL' 'ETC-PCL'
 'ETC-PCL' 'ETC-PCL' 'ETC-PCL' 'ETC-PCL' 'ETC-PCL' 'ETC-PCL' 'ETC-PCL'
 'ETC-PCL' 'ETC-PCL' 'ETC-PCL' 'ETC-PCL' 'ETC-PCL' 'ETC-PCL' 'ETC-PCL'
 'ETC-PCL' 'ETC-PCL' 'LDC-PLGA' 'LDC-PLGA' 'LDC-PLGA' 'LDC-PLGA'
 'LDC-PLGA' 'LDC-PLGA' 'LDC-PLGA' 'LDC-PLGA' 'LDC-PLGA' 'LDC-PLGA'
 'LDC-PLGA' 'LDC-PLGA' 'LDC-PLGA' 'LDC-PLGA' 'LDC-PLGA' 'LDC-PLGA'
 'LDC-PLGA' 'LDC-PLGA' 'LDC-PLGA' 'LDC-PLGA' 'LDC-PLGA' 'LDC-PLGA'
 'LDC-PLGA' 'LDC-PLGA' 'LDC-PLGA' 'LDC-PLGA' 'LDC-PLGA' 'LDC-PLGA'
 'LDC-PLGA' 'LDC-PLGA' 'LDC-PLGA' 'LDC-PLGA' 'LDC-PLGA' 'LDC-PLGA'
 'LDC-PLGA' 'LDC-PLGA' 'LDC-PLGA' 'LDC-PLGA' 'LDC-PLGA' 'LDC-PLGA'
 'LDC-PLGA' 'LDC-PLGA' 'LDC-PLGA' 'LDC-PLGA' 'LDC-PLGA' 'LDC-PLGA'
 'LDC-PLGA' 'LDC-PLGA' 'LDC-PLGA' 'LDC-PLGA' 'LDC-PLGA' 'LDC-PLGA'
 'LDC-PLGA' 'LDC-PLGA' 'LDC-PLGA' 'LDC-PLGA' 'LDC-PLGA' 'LDC-PLGA'
 'LDC-PLGA' 'LDC-PLGA' 'LDC-PLGA' 'LDC-PLGA' 'LDC-PLGA' 'LDC-PLGA'
 'LDC-PLGA' 'LDC-PLGA' 'LDC-PLGA' 'LDC-PLGA' 'LDC-PLGA' 'LDC-PLGA'
 'LDC-PLGA' 'LDC-PLGA' 'LDC-PLGA' 'LDC-PLGA' 'LDC-PLGA' 'LDC-PLGA'
 'LDC-PLGA' 'LDC-PLGA' 'LDC-PLGA' 'LDC-PLGA' 'LDC-PLGA' 'LDC-PLGA'
 'LDC-PLGA' 'LDC-PLGA' 'LDC-PLGA' 'LDC-PLGA' 'LDC-PLGA' 'LDC-PLGA'
 'LDC-PLGA' 'LDC-PLGA' 'LDC-PLGA' 'LDC-PLGA' 'LDC-PLGA' 'LDC-PLGA'
 'LDC-PLGA' 'LDC-PLGA' 'LDC-PLGA' 'LDC-PLGA' 'LDC-PLGA' 'LDC-PLGA'
 'LDC-PLGA' 'LDC-PLGA' 'LDC-PLGA' 'LDC-PLGA' 'LDC-PLGA' 'LDC-PLGA'
 'LDC-PLGA' 'LDC-PLGA' 'LDC-PLGA' 'LDC-PLGA' 'LDC-PLGA' 'LDC-PLGA'
 'LDC-PLGA' 'LDC-PLGA' 'LDC-PLGA' 'LDC-PLGA' 'LDC-PLGA' 'LDC-PLGA'
 'LDC-PLGA' 'LDC-PLGA' 'LDC-PLGA' 'LDC-PLGA' 'LDC-PLGA' 'LDC-PLGA'
 'LDC-PLGA' 'LDC-PLGA' 'LDC-PLGA' 'LDC-PLGA' 'LDC-PLGA' 'LDC-PLGA'
 'LDC-PLGA' 'LDC-PLGA' 'LDC-PLGA' 'LDC-PLGA' 'LDC-PLGA' 'LDC-PLGA'
 'LDC-PLGA' 'LDC-PLGA' 'LDC-PLGA' 'LDC-PLGA' 'LDC-PLGA' 'LDC-PLGA'
 'LDC-PLGA' 'LDC-PLGA' 'LDC-PLGA' 'LDC-PLGA' 'LDC-PLGA' 'LDC-PLGA'
 'LDC-PLGA' 'LDC-PLGA' 'LDC-PLGA' 'LDC-PLGA' 'LDC-PLGA' 'LDC-PLGA'
 'LDC-PLGA' 'LDC-PLGA' 'LDC-PLGA' 'LDC-PLGA' 'LDC-PLGA' 'LDC-PLGA'
 'LDC-PLGA' 'LDC-PLGA' 'LDC-PLGA' 'LDC-PLGA' 'LDC-PLGA' 'LDC-PLGA'
 'LDC-PLGA' 'LDC-PLGA' 'LDC-PLGA' 'LDC-PLGA' 'LDC-PLGA' 'LDC-PLGA'
 'LDC-PLGA' 'LDC-PLGA' 'LDC-PLGA' 'LDC-PLGA' 'LDC-PLGA' 'LDC-PLGA'
 'LDC-PLGA' 'LDC-PLGA' 'LDC-PLGA' 'LDC-PLGA' 'LDC-PLGA' 'LDC-PLGA'
 'LDC-PLGA' 'LDC-PLGA' 'LDC-PLGA' 'LDC-PLGA' 'LDC-PLGA' 'LDC-PLGA'
 'LDC-PLGA' 'LDC-PLGA' 'LDC-PLGA' 'LDC-PLGA' 'LDC-PLGA' 'LDC-PLGA'
 'LDC-PLGA' 'LDC-PLGA' 'LDC-PLGA' 'LDC-PLGA' 'LDC-PLGA' 'LDC-PLGA'
 'LDC-PLGA' 'LDC-PLGA' 'LDC-PLGA' 'LDC-PLGA' 'LDC-PLGA' 'LDC-PLGA'
 'LDC-PLGA' 'LDC-PLGA' 'LDC-PLGA' 'LDC-PLGA' 'LDC-PLGA' 'LDC-PLGA'
 'LDC-PLGA' 'LDC-PLGA' 'LDC-PLGA' 'LDC-PLGA' 'LDC-PLGA' 'LDC-PLGA'
 'LDC-PLGA' 'LDC-PLGA' 'LDC-PLGA' 'LDC-PLGA' 'LDC-PLGA' 'LDC-PLGA'
 'LDC-PLGA' 'LDC-PLGA' 'LDC-PLGA' 'LDC-PLGA' 'LDC-PLGA' 'LDC-PLGA'
 'LDC-PLGA' 'LDC-PLGA' 'LDC-PLGA' 'LDC-PLGA' 'LDC-PLGA' 'LDC-PLGA'
 'LDC-PLGA' 'LDC-PLGA' 'LDC-PLGA' 'LDC-PLGA' 'LDC-PLGA' 'LDC-PLGA'
 'LDC-PLGA' 'LDC-PLGA' 'LDC-PLGA' 'LDC-PLGA' 'LDC-PLGA' 'LDC-PLGA'
 'LDC-PLGA' 'LDC-PLGA' 'LDC-PLGA' 'LDC-PLGA' 'LDC-PLGA' 'LDC-PLGA'
 'LDC-PLGA' 'LDC-PLGA' 'LDC-PLGA' 'LDC-PLGA' 'LDC-PLGA' 'LDC-PLGA'
 'LDC-PLGA' 'LDC-PLGA' 'LDC-PLGA' 'LDC-PLGA' 'LDC-PLGA' 'LDC-PLGA'
 'LDC-PLGA' 'LDC-PLGA' 'LDC-PLGA' 'LDC-PLGA' 'LDC-PLGA' 'LDC-PLGA'
 'LDC-PLGA' 'LDC-PLGA' 'LDC-PLGA' 'LDC-PLGA' 'LDC-PLGA' 'LDC-PLGA'
 'LDC-PLGA' 'LDC-PLGA' 'LDC-PLGA' 'LDC-PLGA' 'LDC-PLGA' 'LDC-PLGA'
 'LDC-PLGA' 'LDC-PLGA' 'LDC-PLGA' 'LDC-PLGA' 'LDC-PLGA' 'LDC-PLGA'
 'LDC-PLGA' 'LDC-PLGA' 'LDC-PLGA' 'LDC-PLGA' 'LDC-PLGA' 'LDC-PLGA'
 'LDC-PLGA' 'LDC-PLGA' 'LDC-PLGA' 'LDC-PLGA' 'LDC-PLGA' 'LDC-PLGA'
 'LDC-PLGA' 'LDC-PLGA' 'LPA-PLGA' 'LPA-PLGA' 'LPA-PLGA' 'LPA-PLGA'
 'LPA-PLGA' 'LPA-PLGA' 'LPA-PLGA' 'LPA-PLGA' 'LPA-PLGA' 'LPA-PLGA'
 'LPA-PLGA' 'LPA-PLGA' 'LPA-PLGA' 'LPA-PLGA' 'LPA-PLGA' 'LPA-PLGA'
 'LPA-PLGA' 'LPA-PLGA' 'LPA-PLGA' 'LPA-PLGA' 'LPA-PLGA' 'LPA-PLGA'
 'LPA-PLGA' 'LPA-PLGA' 'LPA-PLGA' 'LPA-PLGA' 'LPA-PLGA' 'LPA-PLGA'
 'LPA-PLGA' 'LPA-PLGA' 'LPA-PLGA' 'LPA-PLGA' 'LPA-PLGA' 'LPA-PLGA'
 'LPA-PLGA' 'LPA-PLGA' 'LPA-PLGA' 'LPA-PLGA' 'LPA-PLGA' 'LPA-PLGA'
 'LPA-PLGA' 'LPA-PLGA' 'LPA-PLGA' 'LPA-PLGA' 'LPA-PLGA' 'LPA-PLGA'
 'LPA-PLGA' 'LPA-PLGA' 'LPA-PLGA' 'LPA-PLGA' 'LPA-PLGA' 'LPA-PLGA'
 'LPA-PLGA' 'LPA-PLGA' 'LPA-PLGA' 'LPA-PLGA' 'LPA-PLGA' 'LPA-PLGA'
 'LPA-PLGA' 'LPA-PLGA' 'LPA-PLGA' 'LPA-PLGA' 'TAA-PLA-co-PALA'
 'TAA-PLA-co-PALA' 'TAA-PLA-co-PALA' 'TAA-PLA-co-PALA' 'TAA-PLA-co-PALA'
 'TAA-PLA-co-PALA' 'TAA-PLA-co-PALA' 'TAA-PLA-co-PALA' 'TAA-PLA-co-PALA'
 'TAA-PLA-co-PALA' 'TAA-PLA-co-PALA' 'TAA-PLA-co-PALA' 'TAA-PLA-co-PALA'
 'TAA-PLA-co-PALA' 'TAA-PLA-co-PALA' 'TAA-PLA-co-PALA' 'TAA-PLA-co-PALA'
 'TAA-PLA-co-PALA' 'TAA-PLA-co-PALA' 'TAA-PLA-co-PALA' 'TAA-PLA-co-PALA'
 'TAA-PLA-co-PALA' 'TAA-PLA-co-PALA' 'TAA-PLA-co-PALA' 'TAA-PLA-co-PALA'
 'TAA-PLA-co-PALA' 'TAA-PLA-co-PALA' 'TAA-PLA-co-PALA' 'TAA-PLA-co-PALA'
 'TAA-PLA-co-PALA' 'TAA-PLA-co-PALA' 'TAA-PLA-co-PALA' 'TAA-PLA-co-PALA'
 'TAA-PLA-co-PALA' 'TAA-PLA-co-PALA' 'TAA-PLA-co-PALA' 'TAA-PLA-co-PALA'
 'TAA-PLA-co-PALA' 'TAA-PLA-co-PALA' 'TAA-PLA-co-PALA' 'TAA-PLA-co-PALA'
 'TAA-PLA-co-PALA' 'TAA-PLA-co-PALA' 'TAA-PLA-co-PALA' 'TAA-PLA-co-PALA'
 'TAA-PLA-co-PALA' 'TAA-PLA-co-PALA' 'TAA-PLA-co-PALA' 'TAA-PLA-co-PALA'
 'TAA-PLA-co-PALA' 'TAA-PLA-co-PALA' 'TAA-PLA-co-PALA' 'TAA-PLA-co-PALA'
 'TAA-PLA-co-PALA' 'TAA-PLA-co-PALA' 'TAA-PLA-co-PALA' 'TAA-PLA-co-PALA'
 'TAA-PLA-co-PALA' 'TAA-PLA-co-PALA' 'TAA-PLA-co-PALA' 'TAA-PLA-co-PALA'
 'TAA-PLA-co-PALA' 'TAA-PLA-co-PALA' 'TAA-PLA-co-PALA' 'TAA-PLA-co-PALA'
 'TAA-PLA-co-PALA' 'TAA-PLA-co-PALA' 'TAA-PLA-co-PALA' 'TAA-PLA-co-PALA'
 'TAA-PLA-co-PALA' 'TAA-PLA-co-PALA' 'TAA-PLA-co-PALA' 'TAA-PLA-co-PALA'
 'TAA-PLA-co-PALA' 'TAA-PLA-co-PALA' 'TAA-PLA-co-PALA' 'TAA-PLA-co-PALA'
 'TAA-PLA-co-PALA' 'TAA-PLA-co-PALA' 'TAA-PLA-co-PALA' 'TAA-PLA-co-PALA'
 'TAA-PLA-co-PALA' 'TAA-PLA-co-PALA' 'TAA-PLA-co-PALA' 'TAA-PLA-co-PALA'
 'TAA-PLA-co-PALA' 'TAA-PLA-co-PALA' 'TAA-PLA-co-PALA' 'TAA-PLA-co-PALA'
 'TAA-PLA-co-PALA' 'TAA-PLA-co-PALA' 'TAA-PLA-co-PALA' 'TAA-PLA-co-PALA'
 'TAA-PLA-co-PALA' 'TAA-PLA-co-PALA' 'TAA-PLA-co-PALA' 'TAA-PLA-co-PALA'
 'TAA-PLA-co-PALA' 'TAA-PLA-co-PALA' 'TAA-PLA-co-PALA' 'TAA-PLGA-co-PALA'
 'TAA-PLGA-co-PALA' 'TAA-PLGA-co-PALA' 'TAA-PLGA-co-PALA'
 'TAA-PLGA-co-PALA' 'TAA-PLGA-co-PALA' 'TAA-PLGA-co-PALA'
 'TAA-PLGA-co-PALA' 'TAA-PLGA-co-PALA' 'TAA-PLGA-co-PALA'
 'TAA-PLGA-co-PALA' 'TAA-PLGA-co-PALA' 'TAA-PLGA-co-PALA'
 'TAA-PLGA-co-PALA' 'TAA-PLGA-co-PALA' 'TAA-PLGA-co-PALA'
 'TAA-PLGA-co-PALA' 'TAA-PLGA-co-PALA' 'TAA-PLGA-co-PALA'
 'TAA-PLGA-co-PALA' 'TAA-PLGA-co-PALA' 'TAA-PLGA-co-PALA'
 'TAA-PLGA-co-PALA' 'TAA-PLGA-co-PALA' 'TAA-PLGA-co-PALA'
 'TAA-PLGA-co-PALA' 'TAA-PLGA-co-PALA' 'TAA-PLGA-co-PALA'
 'TAA-PLGA-co-PALA' 'TAA-PLGA-co-PALA' 'TAA-PLGA-co-PALA'
 'TAA-PLGA-co-PALA' 'TAA-PLGA-co-PALA' 'TAA-PLGA-co-PALA'
 'TAA-PLGA-co-PALA' 'TAA-PLGA-co-PALA' 'TAA-PLGA-co-PALA'
 'TAA-PLGA-co-PALA' 'TAA-PLGA-co-PALA' 'TAA-PLGA-co-PALA'
 'TAA-PLGA-co-PALA' 'TAA-PLGA-co-PALA' 'TAA-PLGA-co-PALA'
 'TAA-PLGA-co-PALA' 'TAA-PLGA-co-PALA' 'TAA-PLGA-co-PALA'
 'TAA-PLGA-co-PALA' 'TAA-PLGA-co-PALA' 'TAA-PLGA-co-PALA'
 'TAA-PLGA-co-PALA' 'TAA-PLGA-co-PALA' 'TAA-PLGA-co-PALA'
 'TAA-PLGA-co-PALA' 'TAA-PLGA-co-PALA' 'TAA-PLGA-co-PALA'
 'TAA-PLGA-co-PALA' 'TAA-PLGA-co-PALA' 'TAA-PLGA-co-PALA'
 'TAA-PLGA-co-PALA' 'TAA-PLGA-co-PALA' 'TAA-PLGA-co-PALA'
 'TAA-PLGA-co-PALA' 'TAA-PLGA-co-PALA' 'TAA-PLGA-co-PALA'
 'TAA-PLGA-co-PALA' 'TAA-PLGA-co-PALA' 'TAA-PLGA-co-PALA'
 'TAA-PLGA-co-PALA' 'TAA-PLGA-co-PALA' 'TAA-PLGA-co-PALA'
 'TAA-PLGA-co-PALA' 'TAA-PLGA-co-PALA' 'THC-PCL' 'THC-PCL' 'THC-PCL'
 'THC-PCL' 'THC-PCL' 'THC-PCL' 'THC-PCL' 'THC-PCL' 'THC-PCL' 'THC-PCL']","[ 80  80  80  80  80  80  80  80  80  80  80  80  80  80  80  80  80  80
  80  81  81  81  81  81  81  81  81  81  81  81  81  81  81  81  81  81
  81  81  81  82  82  82  82  82  82  82  82  82  82  82  82  82  82  83
  83  83  83  83  83  83  83  83  83  83  83  83  83  83  83  83  83  83
  83  83  83  83  83  84  84  84  84  84  84  84  84  84  84  84  84  84
  84  84  84  84  84  84  84  84  84  84  84  84  85  85  85  85  85  85
  85  85  85  85  85  85  85  85  85  85  85  85  85  85  85  85  15  15
  15  15  15  15  15  15  15  15  15  15  15  15  15  15  15  15  15  15
  15  15  15  15  15  15  15  15  15  15  15  15  13  13  13  13  13  13
  13  13  13  13  14  14  14  14  14  14  14  14  14  14  14  52  52  52
  52  52  52  52  52  52  52  52  52  52  52  53  53  53  53  53  53  53
  53  53  53  53  53  53  53  54  54  54  54  54  54  54  54  54  54  54
  54  55  55  55  55  55  55  55  55  55  55  55  55  55  56  56  56  56
  56  56  56  56  56  56  56  56  56  57  57  57  57  57  57  57  57  57
  57  57  57  57  58  58  58  58  58  58  58  58  58  58  58  58  58  59
  59  59  59  59  59  59  59  59  59  59  59  60  60  60  60  60  60  60
  60  60  60  60  60  61  61  61  61  61  61  61  61  61  61  62  62  62
  62  62  62  62  62  62  63  63  63  63  63  63  63  63  63  63  64  64
  64  64  64  64  64  64  64  64  65  65  65  65  65  65  65  65  65  65
  66  66  66  66  66  66  66  66  66  66  67  67  67  67  67  67  67  67
  67  67  67  67  68  68  68  68  68  68  68  68  68  68  68  68  69  69
  69  69  69  69  69  69  69  69  69  70  70  70  70  70  70  70  70  70
  70  70  70  70  71  71  71  71  71  71  71  71  71  71  71  71 131 131
 131 131 131 131 131 131 131 131 131 131 132 132 132 132 132 132 132 132
 132 132 132 132 132 133 133 133 133 133 133 133 133 133 133 133 133 134
 134 134 134 134 134 134 134 134 134 134 134 134 115 115 115 115 115 115
 115 115 115 115 115 115 115 115 116 116 116 116 116 116 116 116 116 116
 116 116 117 117 117 117 117 117 117 117 117 117 117 117 117 118 118 118
 118 118 118 118 118 118 118 118 118 119 119 119 119 119 119 119 119 119
 119 119 164 164 164 164 164 164 164 164 164 164 164 164 164 164 164 164
 164 164 164 164 164 164 164 164 164 164 164 164 164 164 164 164 164 164
 164 164 164 164 164 164 164 164 164 164 164 164 164 164 164 164 165 165
 165 165 165 165 165 165 165 165 165 165 165 165 165 165 165 165 165 165
 165 165 165 165 165 165 165 165 165 165 165 165 165 165 165 165 165 165
 165 165 165 165 165 165 165 165 165 165 165 165 166 166 166 166 166 166
 166 166 166 166 166 166 166 166 166 166 166 166 166 166 166 166 166 166
 166 166 166 166 166 166 166 166 166 166 166 166 167 167 167 167 167 167
 167 167 167 167 167 167 167 167 167 167 167 167 167 167 167 167 167 167
 167 167 167 167 167 167 167 167 167 167 167 167   7   7   7   7   7   7
   7   7   7   7]","[0.00000000e+00 2.60639000e-01 1.05983000e+00 2.08982000e+00
 3.11353000e+00 4.13201000e+00 5.08481000e+00 6.09753000e+00
 7.17071000e+00 8.11722000e+00 9.13099000e+00 1.01401000e+01
 1.10871000e+01 1.21629000e+01 1.31078000e+01 1.41179000e+01
 1.51911000e+01 1.61381000e+01 1.73380000e+01 0.00000000e+00
 1.94432000e-01 2.07988000e+00 3.10202000e+00 4.05482000e+00
 5.13008000e+00 6.14281000e+00 7.09089000e+00 8.10100000e+00
 9.11529000e+00 1.00623000e+01 1.10735000e+01 1.21498000e+01
 1.30958000e+01 1.41080000e+01 1.52448000e+01 1.61923000e+01
 1.73333000e+01 1.80953000e+01 1.92347000e+01 0.00000000e+00
 3.25275000e-01 1.04256000e+00 7.07676000e+00 8.08844000e+00
 9.03966000e+00 1.01139000e+01 1.20757000e+01 1.61214000e+01
 1.72603000e+01 1.81474000e+01 1.92258000e+01 2.01139000e+01
 2.11267000e+01 0.00000000e+00 1.96002000e-01 3.32602000e-01
 1.10928000e+00 2.07360000e+00 3.15410000e+00 4.10637000e+00
 4.99191000e+00 6.06927000e+00 7.07885000e+00 8.09053000e+00
 9.04333000e+00 1.01175000e+01 1.10683000e+01 1.20784000e+01
 1.30900000e+01 1.41653000e+01 1.51759000e+01 1.60620000e+01
 1.72650000e+01 1.80874000e+01 1.91664000e+01 2.00545000e+01
 2.10646000e+01 0.00000000e+00 1.28346000e-01 2.61686000e-01
 3.91482000e-01 1.16502000e+00 2.12724000e+00 3.14415000e+00
 3.96768000e+00 5.04451000e+00 6.12396000e+00 7.13145000e+00
 8.01752000e+00 9.16109000e+00 1.00472000e+01 1.10599000e+01
 1.21367000e+01 1.30223000e+01 1.41616000e+01 1.51733000e+01
 1.61230000e+01 1.72634000e+01 1.81489000e+01 1.92279000e+01
 2.01780000e+01 2.11267000e+01 0.00000000e+00 6.93467000e-02
 3.98809000e-01 9.87339000e-01 2.08249000e+00 3.03948000e+00
 4.11788000e+00 5.13218000e+00 6.14438000e+00 7.09299000e+00
 8.04003000e+00 9.11791000e+00 1.01280000e+01 1.10766000e+01
 1.21503000e+01 1.30984000e+01 1.41101000e+01 1.51838000e+01
 1.61319000e+01 1.73348000e+01 1.81578000e+01 1.91716000e+01
 0.00000000e+00 8.81427072e-02 9.97659214e-01 2.05125515e+00
 2.97336347e+00 3.94583905e+00 5.05125515e+00 5.97990153e+00
 6.99862781e+00 7.97158770e+00 8.89902333e+00 9.96109452e+00
 1.10231657e+01 1.19062878e+01 1.29683590e+01 1.39853903e+01
 1.50009686e+01 1.59269513e+01 1.69868432e+01 1.79593188e+01
 1.88872387e+01 1.98601986e+01 2.09227541e+01 2.19860360e+01
 2.29163774e+01 2.39351037e+01 2.49102430e+01 2.59294535e+01
 2.69486641e+01 2.79230769e+01 2.89427718e+01 2.98731132e+01
 0.00000000e+00 1.65357359e-01 4.17513597e-01 7.90529034e-01
 4.03697193e+00 7.15788606e+00 1.42278745e+01 2.11759051e+01
 2.81228369e+01 5.60278526e+01 0.00000000e+00 1.20584519e-01
 2.45289238e-01 5.06784596e-01 7.52348514e-01 4.37812448e+00
 7.27682250e+00 1.44770093e+01 2.13104983e+01 2.83782893e+01
 5.61662913e+01 0.00000000e+00 4.05317063e-01 8.24897482e-01
 1.24447790e+00 2.28808019e+00 4.17797500e+00 5.00762693e+00
 7.75926623e+00 1.38996414e+01 1.98427069e+01 2.79157670e+01
 3.59900157e+01 4.25749322e+01 4.95925038e+01 0.00000000e+00
 3.99533501e-01 7.91166623e-01 1.57894737e+00 2.37801437e+00
 4.38019638e+00 5.55961025e+00 8.37553139e+00 1.43990068e+01
 2.00432640e+01 2.81151951e+01 3.59873594e+01 4.32478086e+01
 4.99146007e+01 0.00000000e+00 2.00000000e-01 8.00000000e-01
 2.00000000e+00 4.00000000e+00 5.00000000e+00 8.00000000e+00
 1.38000000e+01 2.00000000e+01 2.78000000e+01 4.28000000e+01
 4.98000000e+01 0.00000000e+00 4.18118467e-01 1.04529617e+00
 2.09059233e+00 3.97212544e+00 5.01742160e+00 7.73519164e+00
 1.42160279e+01 2.02787456e+01 2.78048780e+01 3.65853659e+01
 4.32752613e+01 4.97560976e+01 0.00000000e+00 1.45010797e-01
 5.56270925e-01 1.11373046e+00 2.37841479e+00 3.65379663e+00
 5.14312883e+00 7.69389251e+00 1.40767448e+01 1.96073615e+01
 2.79038808e+01 3.55597377e+01 4.27936370e+01 0.00000000e+00
 6.01557503e-01 9.85290245e-01 1.55976073e+00 2.54505098e+00
 4.13754185e+00 5.52800873e+00 8.33038637e+00 1.41676385e+01
 2.02249727e+01 2.87054663e+01 3.61724540e+01 4.97058049e+01
 0.00000000e+00 2.00000000e-01 4.00000000e-01 6.00000000e-01
 1.20000000e+00 2.00000000e+00 3.60000000e+00 5.20000000e+00
 8.00000000e+00 1.38000000e+01 2.02000000e+01 3.62000000e+01
 5.00000000e+01 0.00000000e+00 6.27177700e-01 1.67247387e+00
 2.92682927e+00 4.39024390e+00 5.01742160e+00 8.15331010e+00
 1.40069686e+01 1.98606272e+01 2.78048780e+01 4.28571429e+01
 5.01742160e+01 0.00000000e+00 6.32342162e-01 2.11691991e+00
 4.45373324e+00 5.72436063e+00 8.05879673e+00 1.39899760e+01
 1.96929416e+01 2.81487351e+01 3.60030904e+01 4.27995800e+01
 4.98159631e+01 0.00000000e+00 1.20875814e+00 3.63078891e+00
 5.44561905e+00 8.26831195e+00 1.41134645e+01 2.03299349e+01
 2.81332531e+01 3.51702344e+01 4.30356270e+01 0.00000000e+00
 1.60000000e+00 4.80000000e+00 7.00000000e+00 1.40000000e+01
 1.98000000e+01 2.74000000e+01 4.34000000e+01 5.02000000e+01
 0.00000000e+00 1.46341463e+00 4.18118467e+00 5.64459930e+00
 8.36236934e+00 1.40069686e+01 1.98606272e+01 2.73867596e+01
 4.20209059e+01 5.01742160e+01 0.00000000e+00 4.21957646e-01
 2.97272133e+00 5.31310050e+00 8.28701044e+00 1.40125597e+01
 2.01255968e+01 3.57736881e+01 4.27865053e+01 4.93821193e+01
 0.00000000e+00 1.00447688e+00 3.62401716e+00 5.84289530e+00
 8.46469283e+00 1.40897634e+01 2.00985666e+01 2.85406870e+01
 3.57729205e+01 4.32376510e+01 0.00000000e+00 6.00000000e-01
 2.00000000e+00 5.00000000e+00 8.00000000e+00 1.38000000e+01
 1.96000000e+01 2.80000000e+01 3.62000000e+01 5.02000000e+01
 0.00000000e+00 6.27177700e-01 2.29965157e+00 4.59930314e+00
 5.85365854e+00 7.94425087e+00 1.40069686e+01 2.00696864e+01
 2.71777003e+01 3.65853659e+01 4.36933798e+01 4.97560976e+01
 0.00000000e+00 5.17241379e-01 1.03448276e+00 2.24137931e+00
 4.48275862e+00 8.96551724e+00 1.46551724e+01 2.01724138e+01
 2.82758621e+01 3.63793103e+01 4.32758621e+01 5.05172414e+01
 0.00000000e+00 6.32052873e-01 2.32387659e+00 4.54212243e+00
 7.96213455e+00 1.39484545e+01 1.97460244e+01 2.79419319e+01
 3.61153280e+01 4.29466940e+01 4.96395278e+01 0.00000000e+00
 3.44827586e-01 8.62068966e-01 1.55172414e+00 3.10344828e+00
 4.82758621e+00 8.10344828e+00 1.41379310e+01 1.98275862e+01
 2.81034483e+01 3.62068966e+01 4.20689655e+01 4.98275862e+01
 0.00000000e+00 1.61043609e-01 6.44174435e-01 1.64160582e+00
 3.84080349e+00 8.26171029e+00 1.40506220e+01 1.98395336e+01
 2.73566337e+01 3.60755000e+01 4.32497330e+01 4.97538168e+01
 0.00000000e+00 8.79348000e-01 3.09032000e+00 6.58183000e+00
 9.72527000e+00 1.17605000e+01 1.39858000e+01 1.88076000e+01
 2.06637000e+01 2.79014000e+01 3.47734000e+01 4.18361000e+01
 0.00000000e+00 1.85269000e-01 8.98420000e-01 2.73408000e+00
 6.77186000e+00 9.91736000e+00 1.17646000e+01 1.41758000e+01
 1.86182000e+01 2.06596000e+01 2.79048000e+01 3.47768000e+01
 4.16536000e+01 0.00000000e+00 9.02507000e-01 2.92889000e+00
 6.97280000e+00 9.92280000e+00 1.19587000e+01 1.39967000e+01
 1.88076000e+01 2.10349000e+01 2.77168000e+01 3.49600000e+01
 4.20221000e+01 0.00000000e+00 1.84588000e-01 9.01144000e-01
 2.92753000e+00 6.97144000e+00 9.92212000e+00 1.17694000e+01
 1.41840000e+01 1.88110000e+01 2.06677000e+01 2.77175000e+01
 3.47741000e+01 4.18334000e+01 0.00000000e+00 1.07143000e+00
 4.01786000e+00 6.96429000e+00 1.41964000e+01 2.11607000e+01
 2.51786000e+01 2.81250000e+01 3.29464000e+01 3.99107000e+01
 4.50000000e+01 4.90179000e+01 5.19643000e+01 5.59821000e+01
 0.00000000e+00 1.07623000e+00 4.03587000e+00 6.99552000e+00
 2.07175000e+01 2.82511000e+01 3.52466000e+01 4.22422000e+01
 4.60090000e+01 5.00448000e+01 5.40807000e+01 5.81166000e+01
 0.00000000e+00 2.69058000e-01 1.07623000e+00 4.03587000e+00
 7.26457000e+00 2.09865000e+01 2.82511000e+01 3.49776000e+01
 4.22422000e+01 4.62780000e+01 5.00448000e+01 5.40807000e+01
 5.83857000e+01 0.00000000e+00 1.34529000e+00 4.03587000e+00
 6.99552000e+00 2.12556000e+01 2.82511000e+01 3.52466000e+01
 4.25112000e+01 4.62780000e+01 5.00448000e+01 5.43498000e+01
 5.83857000e+01 0.00000000e+00 1.34529000e+00 4.03587000e+00
 6.99552000e+00 2.09865000e+01 2.82511000e+01 3.52466000e+01
 4.22422000e+01 4.62780000e+01 5.03139000e+01 5.38117000e+01
 0.00000000e+00 4.16666667e-02 1.66666667e-01 1.00000000e+00
 2.00000000e+00 3.00000000e+00 4.00000000e+00 5.00000000e+00
 6.00000000e+00 7.00000000e+00 8.00000000e+00 9.00000000e+00
 1.00000000e+01 1.10000000e+01 1.20000000e+01 1.30000000e+01
 1.40000000e+01 1.50000000e+01 1.60000000e+01 1.70000000e+01
 1.80000000e+01 1.90000000e+01 2.00000000e+01 2.10000000e+01
 2.20000000e+01 2.30000000e+01 2.40000000e+01 2.60000000e+01
 2.80000000e+01 3.00000000e+01 3.30000000e+01 3.50000000e+01
 3.80000000e+01 4.00000000e+01 4.20000000e+01 4.50000000e+01
 4.80000000e+01 5.00000000e+01 5.20000000e+01 5.60000000e+01
 5.80000000e+01 6.10000000e+01 6.30000000e+01 6.50000000e+01
 6.80000000e+01 7.10000000e+01 7.30000000e+01 7.60000000e+01
 7.80000000e+01 8.00000000e+01 0.00000000e+00 4.16666667e-02
 1.66666667e-01 1.00000000e+00 2.00000000e+00 3.00000000e+00
 4.00000000e+00 5.00000000e+00 6.00000000e+00 7.00000000e+00
 8.00000000e+00 9.00000000e+00 1.00000000e+01 1.10000000e+01
 1.20000000e+01 1.30000000e+01 1.40000000e+01 1.50000000e+01
 1.60000000e+01 1.70000000e+01 1.80000000e+01 1.90000000e+01
 2.00000000e+01 2.10000000e+01 2.20000000e+01 2.30000000e+01
 2.40000000e+01 2.60000000e+01 2.80000000e+01 3.00000000e+01
 3.30000000e+01 3.50000000e+01 3.80000000e+01 4.00000000e+01
 4.20000000e+01 4.50000000e+01 4.80000000e+01 5.00000000e+01
 5.20000000e+01 5.60000000e+01 5.80000000e+01 6.10000000e+01
 6.30000000e+01 6.50000000e+01 6.80000000e+01 7.10000000e+01
 7.30000000e+01 7.60000000e+01 7.80000000e+01 8.00000000e+01
 0.00000000e+00 4.16666667e-02 1.66666667e-01 1.00000000e+00
 2.00000000e+00 3.00000000e+00 4.00000000e+00 5.00000000e+00
 6.00000000e+00 7.00000000e+00 8.00000000e+00 9.00000000e+00
 1.00000000e+01 1.10000000e+01 1.20000000e+01 1.30000000e+01
 1.40000000e+01 1.50000000e+01 1.60000000e+01 1.70000000e+01
 1.80000000e+01 1.90000000e+01 2.00000000e+01 2.10000000e+01
 2.20000000e+01 2.30000000e+01 2.40000000e+01 2.60000000e+01
 2.80000000e+01 3.00000000e+01 3.30000000e+01 3.50000000e+01
 3.80000000e+01 4.00000000e+01 4.20000000e+01 4.50000000e+01
 0.00000000e+00 4.16666667e-02 1.66666667e-01 1.00000000e+00
 2.00000000e+00 3.00000000e+00 4.00000000e+00 5.00000000e+00
 6.00000000e+00 7.00000000e+00 8.00000000e+00 9.00000000e+00
 1.00000000e+01 1.10000000e+01 1.20000000e+01 1.30000000e+01
 1.40000000e+01 1.50000000e+01 1.60000000e+01 1.70000000e+01
 1.80000000e+01 1.90000000e+01 2.00000000e+01 2.10000000e+01
 2.20000000e+01 2.30000000e+01 2.40000000e+01 2.60000000e+01
 2.80000000e+01 3.00000000e+01 3.30000000e+01 3.50000000e+01
 3.80000000e+01 4.00000000e+01 4.20000000e+01 4.50000000e+01
 0.00000000e+00 3.97614314e-02 9.94035785e-01 1.94831014e+00
 2.98210736e+00 5.00994036e+00 6.99801193e+00 1.00198807e+01
 1.29622266e+01 1.79721670e+01]","[0.         0.066493   0.402908   0.569291   0.685878   0.760969
 0.815287   0.844733   0.853456   0.85798    0.895725   0.896123
 0.904796   0.934267   0.926342   0.93504    0.943763   0.952436
 0.965358   0.         0.490448   0.594587   0.648905   0.674226
 0.703672   0.720644   0.729342   0.771237   0.77991    0.796907
 0.830527   0.830901   0.856198   0.869095   0.881918   0.928012
 0.969806   1.00345    1.00345    0.         0.0789667  0.265972
 0.608606   0.629752   0.671622   0.688644   0.743361   0.819649
 0.849145   0.88269    0.932909   0.974754   1.0042     0.
 0.0540194  0.137061   0.295044   0.440653   0.50747    0.557639
 0.578736   0.620656   0.625204   0.646351   0.700669   0.717691
 0.755411   0.764109   0.785256   0.810577   0.823425   0.848671
 0.886491   0.907563   0.961931   1.00378    1.01247    0.
 0.0290964  0.0747922  0.103889   0.236975   0.365986   0.428628
 0.457999   0.495769   0.554287   0.542237   0.567484   0.634326
 0.659572   0.689018   0.726788   0.747885   0.78153    0.802677
 0.832098   0.874042   0.895139   0.949507   0.983078   1.0042
 0.         0.0498199  0.161983   0.328191   0.511196   0.598712
 0.64893    0.690825   0.716121   0.737243   0.745916   0.791985
 0.800683   0.821805   0.834677   0.851649   0.872796   0.885668
 0.902641   0.94046    0.965682   1.00343    0.         0.00545645
 0.24307854 0.35500444 0.45054887 0.47778271 0.50500444 0.52677779
 0.53214949 0.5539188  0.58935346 0.60565017 0.62194689 0.65738558
 0.6736823  0.69817984 0.73907095 0.79089918 0.83178626 0.8590201
 0.88899023 0.91075954 0.92159173 0.92422714 0.92687465 0.93224635
 0.9294253  0.92933247 0.92923965 0.93461538 0.92905804 0.93170555
 0.         0.38073394 0.48623853 0.60091743 0.7087156  0.76834862
 0.80275229 0.81880734 0.82568807 0.83256881 0.         0.00688073
 0.04816514 0.23165138 0.28211009 0.55733945 0.76146789 0.88302752
 0.94266055 0.9587156  0.98853211 0.         0.1006161  0.12858813
 0.15656015 0.25162939 0.36912379 0.4697597  0.53705501 0.67729155
 0.74488401 0.80150161 0.85253274 0.90342519 0.92083837 0.
 0.02230917 0.08372522 0.18421053 0.22882886 0.31802791 0.47992927
 0.5411196  0.72491629 0.78584327 0.82978443 0.86257101 0.9233475
 0.92272676 0.         0.16666667 0.22571685 0.29550179 0.44586022
 0.56942652 0.64442652 0.76756272 0.86915771 0.93297491 0.95851254
 0.95250896 0.         0.06014737 0.23506788 0.34991718 0.41566231
 0.48133128 0.64004874 0.777251   0.79419661 0.82220445 0.85579102
 0.86732926 0.87884846 0.         0.32405555 0.39113295 0.77107312
 0.8270568  0.83276214 0.83290081 0.8443115  0.8449058  0.85100735
 0.85736643 0.87483904 0.87551259 0.         0.02229036 0.12281329
 0.27918438 0.40199767 0.51916783 0.6363568  0.76458749 0.87018923
 0.88638501 0.90794176 0.94635266 0.95626575 0.         0.19351254
 0.29564516 0.38164875 0.45148746 0.59657706 0.66094982 0.7038172
 0.87560932 0.89659498 0.9444086  0.9537276  0.95786738 0.
 0.57382761 0.65042554 0.67786219 0.70531787 0.7326974  0.81495021
 0.84827022 0.86519678 0.88777822 0.91647151 0.91713791 0.
 0.03359813 0.05608273 0.07306008 0.10111135 0.12926167 0.25271895
 0.44878068 0.70655124 0.79108144 0.84758018 0.87057985 0.
 0.01664723 0.0275949  0.0441857  0.07185584 0.1383507  0.36682217
 0.74039728 0.90733983 0.97364659 0.         0.04284946 0.06944444
 0.09612903 0.32130824 0.66487455 0.78784946 0.82405018 0.86107527
 0.         0.02745568 0.06049009 0.08248129 0.11005122 0.25810628
 0.51000552 0.70194779 0.76885436 0.80784829 0.         0.02240536
 0.03381604 0.03403395 0.05665722 0.1465758  0.41530141 0.86927237
 0.90903148 0.9096456  0.         0.02783943 0.06111508 0.07766826
 0.09977051 0.25567134 0.51209511 0.72359956 0.92404349 0.97362778
 0.         0.02681004 0.07507168 0.11243728 0.18206093 0.53100358
 0.70790323 0.82543011 0.84082437 0.85032258 0.         0.01645056
 0.06578321 0.1097085  0.14260962 0.18651587 0.38378934 0.64663658
 0.74018012 0.75743036 0.77993564 0.7804878  0.         0.04048876
 0.06293362 0.07626592 0.1029564  0.12030134 0.20503262 0.28978979
 0.34713161 0.39546443 0.47100549 0.51045873 0.         0.15143294
 0.2169471  0.24706341 0.27202805 0.31192819 0.40234927 0.49761898
 0.65854714 0.73372969 0.7129643  0.         0.05853267 0.1485451
 0.18447758 0.21127162 0.26056229 0.30061096 0.44384902 0.5240758
 0.63544579 0.71080563 0.75947499 0.79885057 0.         0.02520996
 0.11607839 0.20690352 0.29257699 0.39826546 0.5139398  0.62961413
 0.70473895 0.77471211 0.8498658  0.87962135 0.         0.271062
 0.380952   0.604396   0.699634   0.754579   0.787546   0.857143
 0.875458   0.952381   0.996337   1.01465    0.         0.003663
 0.168498   0.296703   0.582418   0.666667   0.732601   0.765568
 0.875458   0.897436   0.934066   0.978022   0.996337   0.
 0.14652    0.249084   0.501832   0.637363   0.688645   0.728938
 0.857143   0.879121   0.945055   0.992674   1.01465    0.
 0.00732601 0.153846   0.25641    0.509158   0.641026   0.70696
 0.721612   0.838828   0.85348    0.941392   0.992674   1.0293
 0.         0.271972   0.318281   0.36459    0.46192    0.642178
 0.785344   0.896169   0.956447   0.984632   0.989631   0.994548
 1.00399    1.0043     0.         0.206422   0.224771   0.256881
 0.330275   0.385321   0.545872   0.697248   0.825688   0.93578
 0.954128   0.977064   0.         0.123853   0.215596   0.247706
 0.266055   0.362385   0.417431   0.536697   0.715596   0.87156
 0.944954   0.986239   1.00917    0.         0.110092   0.142202
 0.165138   0.243119   0.293578   0.472477   0.669725   0.798165
 0.876147   0.922018   0.949541   0.         0.0688073  0.0963303
 0.123853   0.201835   0.256881   0.46789    0.674312   0.821101
 0.926606   0.96789    0.         0.00249865 0.00515932 0.00869346
 0.01115727 0.01294701 0.01450571 0.01439367 0.01555177 0.01644517
 0.01863861 0.01977027 0.01780572 0.01928913 0.02017419 0.02061816
 0.02192795 0.02112169 0.02216701 0.02300382 0.0246649  0.02469275
 0.02700556 0.02826822 0.0272492  0.02841396 0.02947019 0.03029828
 0.03049468 0.0325562  0.03508592 0.03631919 0.04036356 0.04231082
 0.04976532 0.24236673 0.42620001 0.53514208 0.54123064 0.64728108
 0.72483996 0.7428566  0.77738117 0.84024613 0.90013538 0.86717193
 0.89189    0.89764093 0.93103163 0.93762082 0.         0.00318381
 0.00537196 0.00889213 0.011087   0.0128691  0.01406355 0.01415722
 0.01617856 0.01737779 0.01817431 0.01992845 0.01818445 0.01913883
 0.02069344 0.02225406 0.02265593 0.02119949 0.02179227 0.02326537
 0.02364689 0.02183765 0.0235232  0.0261076  0.02520298 0.02644062
 0.02701557 0.0286632  0.02865346 0.03198793 0.03371146 0.03462219
 0.04083744 0.04556408 0.06967057 0.23700577 0.35964754 0.44064057
 0.62712599 0.73953805 0.77150011 0.78073561 0.82075604 0.85403483
 0.85763824 0.90238824 0.91191911 0.9143961  0.95033124 0.95273957
 0.         0.00419921 0.00536074 0.00689254 0.00778522 0.00866511
 0.00932924 0.00835621 0.00895435 0.00961285 0.01027255 0.01093227
 0.0085552  0.00864075 0.00993466 0.0099476  0.00994773 0.00790929
 0.00800797 0.00882753 0.00883573 0.00886331 0.01067773 0.01276046
 0.01175103 0.01382785 0.01632512 0.0186225  0.21170842 0.28681322
 0.68231493 0.71393907 0.75101971 0.77250895 0.78030413 0.80583813
 0.         0.00340623 0.00567405 0.00923893 0.01194986 0.01530362
 0.01889022 0.01855696 0.02178771 0.0249319  0.0263146  0.02986177
 0.02787544 0.02859414 0.02992114 0.03169417 0.03259178 0.03051115
 0.03167177 0.03335441 0.033789   0.03172836 0.0336162  0.035325
 0.03429468 0.03706936 0.03879589 0.04217035 0.09688398 0.12419213
 0.18281779 0.44741437 0.56392505 0.610706   0.66395192 0.82546058
 0.         0.10666667 0.33333333 0.49777778 0.62222222 0.72444444
 0.78222222 0.84888889 0.88444444 0.90222222]","[ 1.34899942e-02  9.83876139e-02  3.92549694e-01  5.70178211e-01
  6.21634603e-01  6.79566145e-01  7.23775685e-01  8.70619774e-01
  8.41887891e-01  8.66715074e-01  9.10339415e-01  9.62542236e-01
  9.69717026e-01  9.23531711e-01  9.29477572e-01  8.90768588e-01
  8.71103704e-01  8.98702681e-01  9.20684636e-01  7.23327473e-02
  2.06126347e-01  7.05769420e-01  6.91845179e-01  7.22849309e-01
  7.62419045e-01  7.84905732e-01  7.58891404e-01  8.16218078e-01
  8.63429189e-01  8.59287918e-01  8.62644434e-01  8.15396726e-01
  8.23030055e-01  7.80628979e-01  7.68499136e-01  7.71050692e-01
  7.95996308e-01  8.01270545e-01  8.53820622e-01 -6.84664166e-03
  1.22271612e-01  3.23969632e-01  7.54631817e-01  7.32674122e-01
  7.86715806e-01  7.85183549e-01  7.46110737e-01  7.60271311e-01
  7.78238475e-01  7.92712748e-01  8.23062181e-01  8.26113939e-01
  8.48437309e-01  1.59234721e-02  9.61806402e-02  1.58118799e-01
  4.07978177e-01  5.43923318e-01  6.94090009e-01  7.11879432e-01
  7.86540806e-01  8.11086297e-01  8.31503272e-01  8.18367004e-01
  8.69109571e-01  8.67399931e-01  8.76549661e-01  8.31405401e-01
  8.36339891e-01  7.99654663e-01  8.15082669e-01  8.39844465e-01
  8.56853306e-01  8.76754165e-01  9.09625292e-01  9.15837646e-01
  9.26850617e-01 -1.14873499e-02  5.81072941e-02  1.08258128e-01
  1.13246739e-01  3.38839918e-01  4.63110179e-01  5.60238779e-01
  5.65625608e-01  6.99343741e-01  7.33816147e-01  7.05910146e-01
  7.23459959e-01  7.76645422e-01  7.73380756e-01  7.84034967e-01
  7.38973975e-01  7.44630933e-01  7.07945704e-01  7.26197541e-01
  7.44472861e-01  7.65287697e-01  7.78378844e-01  7.98968971e-01
  7.99804032e-01  8.47693205e-01  1.74578167e-02  7.16529489e-02
  2.10665837e-01  3.97769570e-01  5.58143079e-01  5.94778299e-01
  6.52286410e-01  6.87661052e-01  8.50250483e-01  8.36520195e-01
  8.60505998e-01  9.09369767e-01  9.23666954e-01  9.33295131e-01
  8.88150871e-01  8.99712622e-01  8.60746145e-01  8.40479910e-01
  8.67195129e-01  8.88672411e-01  9.06273603e-01  9.47800398e-01
 -2.18784418e-02  2.44234148e-02  2.02319935e-01  3.63142669e-01
  4.07173723e-01  4.65425700e-01  5.36008537e-01  5.83860278e-01
  6.07055187e-01  6.38731897e-01  6.29649639e-01  6.52125359e-01
  6.91905320e-01  7.51257360e-01  6.97292686e-01  6.81214273e-01
  7.34245121e-01  7.08729982e-01  7.35540628e-01  7.36160994e-01
  7.39386380e-01  7.46513784e-01  7.76720703e-01  7.88638711e-01
  8.17770898e-01  8.19192350e-01  7.98283398e-01  7.90177643e-01
  8.05337369e-01  7.97277391e-01  8.33783209e-01  8.41318429e-01
  4.17354517e-02  1.31636664e-01  3.15397948e-01  5.24500132e-01
  8.96869600e-01  8.93847346e-01  9.37423944e-01  1.00788987e+00
  1.18392706e+00  1.65477490e+00  1.47103211e-02  9.97457132e-02
  1.08976215e-01  3.71873409e-01  4.16989267e-01  8.23574007e-01
  9.88228261e-01  1.02444136e+00  1.11009514e+00  1.18734646e+00
  1.33055127e+00 -6.35960046e-03  7.97133818e-02  1.65480673e-01
  2.29867935e-01  3.00329536e-01  4.03210253e-01  4.35834020e-01
  5.39811730e-01  6.59930885e-01  6.84239388e-01  8.31389844e-01
  9.56163645e-01  9.98529553e-01  9.76496816e-01 -5.05308621e-03
  5.15172146e-02  1.09037228e-01  1.39480963e-01  2.08165780e-01
  3.04532200e-01  3.59845400e-01  3.65686625e-01  5.50508976e-01
  6.22837842e-01  7.34987259e-01  8.87431026e-01  8.27045262e-01
  7.88131356e-01  2.57207267e-02  1.44616842e-01  3.00397545e-01
  3.98276061e-01  5.73774576e-01  6.38296723e-01  7.15893805e-01
  7.33982801e-01  7.72320449e-01  8.89539719e-01  1.01393044e+00
  9.77109075e-01 -2.41079871e-02  1.38653219e-01  3.39111775e-01
  4.13220972e-01  6.12824738e-01  6.96286201e-01  8.08302939e-01
  7.98118711e-01  8.30431998e-01  9.54350173e-01  1.05509961e+00
  1.09297597e+00  1.06855321e+00  3.67998448e-03  9.57659706e-02
  4.69108641e-01  7.25991786e-01  9.45837379e-01  9.89728868e-01
  9.92552936e-01  9.97424662e-01  1.07562447e+00  1.08026052e+00
  1.17138278e+00  1.49324727e+00  1.64445817e+00 -3.37155559e-03
  6.17547780e-02  1.45136654e-01  1.44565567e-01  2.04562843e-01
  3.12381089e-01  3.62373143e-01  4.25374776e-01  5.76666772e-01
  6.40537381e-01  7.39824295e-01  8.79756451e-01  7.81172574e-01
  3.59546058e-02  1.43000573e-01  3.37821245e-01  4.70726460e-01
  6.91326439e-01  7.50754476e-01  8.86683226e-01  8.90721381e-01
  1.00085735e+00  1.00234330e+00  1.01018667e+00  1.42757607e+00
  1.50985062e+00  8.55045170e-02  5.53527415e-01  7.58724689e-01
  8.93365502e-01  9.25390422e-01  9.21436608e-01  1.03040147e+00
  1.03136468e+00  1.05171275e+00  1.15797615e+00  1.63478422e+00
  1.57831085e+00 -8.12224485e-03  3.36435549e-02  8.78144354e-02
  1.22691967e-01  1.67363346e-01  2.10717648e-01  3.66237611e-01
  5.14600337e-01  7.10000336e-01  8.73437166e-01  8.04387987e-01
  7.91917145e-01 -4.32775263e-03  1.82660073e-02  3.24330106e-02
  1.07807279e-01  1.39134675e-01  3.49161893e-01  5.80777705e-01
  7.36846209e-01  8.77106726e-01  8.02860022e-01  4.39557200e-03
  4.75881286e-02  7.52389282e-02  1.25816986e-01  4.46987778e-01
  6.73532784e-01  7.96612859e-01  8.16886485e-01  8.47283602e-01
 -6.00678008e-03  2.32940242e-02  7.13157058e-02  1.24968603e-01
  1.56253815e-01  5.12506425e-01  7.73155868e-01  9.05536532e-01
  8.53546739e-01  8.65308166e-01 -2.02672016e-02 -3.06446076e-04
  3.35907713e-02  9.30688605e-02  1.41684368e-01  3.39662164e-01
  5.64091027e-01  9.09110188e-01  8.23846281e-01  8.81299019e-01
  4.50691441e-03  7.70248920e-02  9.21992511e-02  1.62847832e-01
  2.27955639e-01  4.98901308e-01  7.20897555e-01  8.71685028e-01
  1.01096869e+00  8.72000575e-01 -2.29570418e-04  4.00099456e-02
  7.17185363e-02  1.57755286e-01  2.10831195e-01  4.54253882e-01
  6.36968374e-01  7.59367287e-01  9.29106891e-01  8.14240694e-01
  1.15354527e-02  6.67931363e-02  1.07351884e-01  1.60026476e-01
  2.15485245e-01  2.83633262e-01  5.14311850e-01  7.16148555e-01
  8.52627754e-01  9.72477019e-01  8.43285918e-01  8.19642603e-01
 -6.58026547e-04  3.41797136e-02  4.92490232e-02  1.04120307e-01
  2.36238182e-01  3.71328026e-01  4.18294907e-01  5.49994648e-01
  6.75551891e-01  7.68285871e-01  6.71064556e-01  7.71745265e-01
  8.63005966e-03  1.08209968e-01  2.10740998e-01  3.92406374e-01
  5.29728293e-01  6.69796467e-01  7.04412699e-01  7.60492325e-01
  8.25513661e-01  8.56134772e-01  8.66702497e-01 -5.13433218e-02
  4.05678339e-02  1.78173780e-01  2.14949891e-01  3.26576054e-01
  4.80344772e-01  5.91782093e-01  6.51409566e-01  6.84723139e-01
  7.63980567e-01  8.35636497e-01  8.51431251e-01  8.56927991e-01
 -2.91925445e-02  2.08477192e-02  1.24779552e-01  2.01113299e-01
  3.39967102e-01  5.94307244e-01  6.82087421e-01  7.11451054e-01
  7.99016714e-01  8.60171080e-01  8.79367292e-01  8.97801042e-01
  1.72914714e-02  2.40567952e-01  4.13549125e-01  5.88195682e-01
  6.81514859e-01  7.77755976e-01  7.52029777e-01  8.11438501e-01
  8.41947436e-01  8.61319840e-01  9.49902415e-01  9.73429918e-01
  7.43571902e-03  5.36056757e-02  1.23497382e-01  2.26591349e-01
  5.02327323e-01  6.69888020e-01  7.62472570e-01  7.86740839e-01
  9.07790542e-01  9.09550488e-01  9.84775603e-01  1.06326449e+00
  1.08313370e+00  4.55185957e-03  1.09358266e-01  2.25086197e-01
  5.01105845e-01  6.65277064e-01  7.80313969e-01  8.28869700e-01
  9.38583374e-01  9.45972502e-01  9.59953308e-01  1.04170513e+00
  1.03064847e+00  9.04272893e-04  5.02758250e-02  9.98347849e-02
  2.10692450e-01  4.81731117e-01  6.47750676e-01  7.66467690e-01
  7.86470652e-01  9.11323309e-01  9.17816222e-01  9.48051512e-01
  1.02760863e+00  1.03613675e+00 -1.20412949e-02  2.02841550e-01
  2.31962532e-01  2.90048957e-01  3.79651606e-01  5.13817012e-01
  5.42851031e-01  5.90423346e-01  6.46455646e-01  7.40773797e-01
  7.61837244e-01  7.46415615e-01  7.57163405e-01  7.52647579e-01
 -9.28080268e-03  1.40857443e-01  2.18695670e-01  2.81525791e-01
  5.04515767e-01  5.90654612e-01  6.60642922e-01  7.41528273e-01
  7.43176937e-01  7.38248289e-01  7.41149545e-01  7.55341291e-01
 -1.09942118e-02  5.64032048e-02  2.07299054e-01  2.99141675e-01
  4.40010965e-01  5.80407679e-01  6.17478430e-01  6.90779984e-01
  7.49846280e-01  7.53086984e-01  7.48158336e-01  7.49039054e-01
  7.63558805e-01 -1.39142917e-02  7.64977410e-02  1.16779692e-01
  1.60366029e-01  4.68562543e-01  5.92834115e-01  6.50343955e-01
  7.10359156e-01  7.28304684e-01  7.22648978e-01  7.28386939e-01
  7.48168886e-01 -1.90300532e-02  3.99238206e-02  7.64835179e-02
  1.06406078e-01  4.72294390e-01  5.63709855e-01  6.26797736e-01
  6.84565365e-01  7.04261303e-01  7.08383858e-01  7.14004397e-01
  1.64681450e-02  1.77429300e-02  2.00890936e-02  1.31731937e-02
  3.86556499e-02  4.51333672e-02  4.76215146e-02  4.67884503e-02
  3.55408154e-02  3.48691903e-02  3.76902148e-02  3.83292958e-02
  3.72815952e-02  4.83463891e-02  1.96339134e-02  1.64374635e-02
  2.96590459e-02 -2.90274038e-03 -1.46024544e-02  1.80085003e-02
  4.91505153e-02  7.74041191e-02  1.00117080e-01  1.46877170e-01
  1.69379115e-01  2.69384950e-01  2.87389308e-01  3.44891578e-01
  4.08241689e-01  4.24743205e-01  5.08490264e-01  5.40171742e-01
  5.30253947e-01  5.29245257e-01  4.44826216e-01  5.27800739e-01
  5.41819751e-01  5.54068327e-01  5.94246626e-01  7.38402665e-01
  8.12265754e-01  8.75753164e-01  8.71037900e-01  8.88537288e-01
  8.94952536e-01  9.38594341e-01  9.38594341e-01  9.63407040e-01
  9.82085824e-01  9.82085824e-01  1.64681450e-02  1.77429300e-02
  2.00890936e-02  1.31731937e-02  3.87892835e-02  4.52670008e-02
  4.77551483e-02  4.69220839e-02  3.56744491e-02  3.50028239e-02
  3.78238484e-02  3.84629294e-02  3.74152288e-02  4.84800227e-02
  1.99257527e-02  1.67293027e-02  2.99508870e-02 -2.61089997e-03
 -1.43106114e-02  1.83003396e-02  4.94423583e-02  7.76959583e-02
  1.00408919e-01  1.47169009e-01  1.69670954e-01  2.69676805e-01
  2.87681162e-01  3.45183432e-01  4.08533543e-01  4.25035059e-01
  5.08782089e-01  5.40463567e-01  5.30545771e-01  5.29537082e-01
  4.45118070e-01  5.28092563e-01  5.42111576e-01  5.54360151e-01
  5.94538450e-01  7.38694489e-01  8.12557578e-01  8.76044989e-01
  8.71329725e-01  8.88829112e-01  8.95244360e-01  9.38886166e-01
  9.38886166e-01  9.63698864e-01  9.82377648e-01  9.82377648e-01
  1.76533386e-02  1.97069570e-02  2.08875891e-02  1.39406007e-02
  3.22903804e-02  3.87680978e-02  4.24133204e-02  4.29049358e-02
  3.36106755e-02  3.29390652e-02  3.14659774e-02  3.09881363e-02
  4.05405276e-02  4.89560552e-02  1.70224905e-02  1.26565900e-02
  2.55750753e-02 -4.83038137e-03 -1.53012862e-02  2.04192996e-02
  4.63538021e-02  7.18103945e-02  9.68501791e-02  1.33510634e-01
  1.69805244e-01  2.84868509e-01  3.12393814e-01  3.69986832e-01
  4.48703080e-01  4.98774320e-01  6.17570281e-01  6.56117857e-01
  7.05538213e-01  7.14341104e-01  7.01870024e-01  7.87953198e-01
  1.90005694e-02  2.26499736e-02  2.38306019e-02  1.68836173e-02
  3.53670195e-02  4.18447405e-02  4.59529050e-02  4.59827967e-02
  3.66885103e-02  3.60168926e-02  4.09147963e-02  4.04369645e-02
  4.99893613e-02  5.84049113e-02  3.29759866e-02  2.86101028e-02
  4.15285788e-02  1.11231422e-02  3.87778878e-03  4.02958579e-02
  6.62304759e-02  9.16869640e-02  1.16726764e-01  1.53387219e-01
  1.89681828e-01  3.12830031e-01  3.42303425e-01  3.99805695e-01
  4.83598769e-01  5.22594333e-01  6.41390681e-01  6.84060633e-01
  7.24336922e-01  7.28012025e-01  7.15540826e-01  8.01624000e-01
 -1.00259753e-02 -1.00259753e-02  2.40960613e-01  4.17618006e-01
  5.87764144e-01  7.30578780e-01  8.15234005e-01  9.59419847e-01
  1.00961447e+00  1.07378280e+00]",0.006313873024431829
2,0.09297947359537752,0.10309616696661496,"{'subsample': 0.5, 'reg_lambda': 0.1, 'reg_alpha': 0.01, 'n_estimators': 300, 'min_child_weight': 4.0, 'max_depth': 7, 'max_delta_step': 6, 'learning_rate': 0.05, 'gamma': 0, 'booster': 'dart'}","['CBD-PCL' 'CBD-PCL' 'CBD-PCL' 'CBD-PCL' 'CBD-PCL' 'CBD-PCL' 'CBD-PCL'
 'CBD-PCL' 'CBD-PCL' 'CBD-PCL' 'CBD-PCL' 'CBD-PCL' 'CBD-PCL' 'CBD-PCL'
 'CBD-PCL' 'CBD-PCL' 'CBD-PCL' 'CBD-PCL' 'CBD-PCL' 'CBD-PCL' 'CBD-PCL'
 'CBD-PCL' 'CBD-PCL' 'CBD-PCL' 'CBD-PCL' 'CBD-PCL' 'CBD-PCL' 'CBD-PCL'
 'CBD-PCL' 'CBD-PCL' 'CBD-PCL' 'CBD-PCL' 'CBD-PCL' 'CBD-PCL' 'CBD-PCL'
 'CBD-PCL' 'CBD-PCL' 'CBD-PCL' 'CBD-PCL' 'CBD-PCL' 'CBD-PCL' 'CBD-PCL'
 'CBD-PCL' 'CBD-PCL' 'CBD-PCL' 'CBD-PCL' 'CBD-PCL' 'CBD-PCL' 'CBD-PCL'
 'CBD-PCL' 'CBD-PCL' 'CBD-PCL' 'CBD-PCL' 'CBD-PCL' 'CBD-PCL' 'CBD-PCL'
 'CBD-PCL' 'CBD-PCL' 'CBD-PCL' 'CBD-PCL' 'CBD-PCL' 'CBD-PCL' 'LPA-PLGA'
 'LPA-PLGA' 'LPA-PLGA' 'LPA-PLGA' 'LPA-PLGA' 'LPA-PLGA' 'LPA-PLGA'
 'LPA-PLGA' 'LPA-PLGA' 'LPA-PLGA' 'LPA-PLGA' 'LPA-PLGA' 'LPA-PLGA'
 'LPA-PLGA' 'LPA-PLGA' 'LPA-PLGA' 'LPA-PLGA' 'LPA-PLGA' 'LPA-PLGA'
 'LPA-PLGA' 'LPA-PLGA' 'LPA-PLGA' 'LPA-PLGA' 'LPA-PLGA' 'LPA-PLGA'
 'LPA-PLGA' 'LPA-PLGA' 'LPA-PLGA' 'LPA-PLGA' 'LPA-PLGA' 'LPA-PLGA'
 'LPA-PLGA' 'LPA-PLGA' 'LPA-PLGA' 'LPA-PLGA' 'LPA-PLGA' 'LPA-PLGA'
 'LPA-PLGA' 'LPA-PLGA' 'LPA-PLGA' 'LPA-PLGA' 'LPA-PLGA' 'LPA-PLGA'
 'LPA-PLGA' 'LPA-PLGA' 'LPA-PLGA' 'LPA-PLGA' 'LPA-PLGA' 'LPA-PLGA'
 'LPA-PLGA' 'LPA-PLGA' 'LPA-PLGA' 'LPA-PLGA' 'LPA-PLGA' 'LPA-PLGA'
 'LPA-PLGA' 'LPA-PLGA' 'LPA-PLGA' 'LPA-PLGA' 'LPA-PLGA' 'LPA-PLGA'
 'LPA-PLGA' 'PTX-PLGA' 'PTX-PLGA' 'PTX-PLGA' 'PTX-PLGA' 'PTX-PLGA'
 'PTX-PLGA' 'PTX-PLGA' 'PTX-PLGA' 'PTX-PLGA' 'PTX-PLGA' 'PTX-PLGA'
 'PTX-PLGA' 'PTX-PLGA' 'PTX-PLGA' 'PTX-PLGA' 'PTX-PLGA' 'PTX-PLGA'
 'PTX-PLGA' 'PTX-PLGA' 'PTX-PLGA' 'PTX-PLGA' 'PTX-PLGA' 'PTX-PLGA'
 'PTX-PLGA' 'PTX-PLGA' 'PTX-PLGA' 'PTX-PLGA' 'PTX-PLGA' 'PTX-PLGA'
 'PTX-PLGA' 'PTX-PLGA' 'PTX-PLGA' 'PTX-PLGA' 'PTX-PLGA' 'PTX-PLGA'
 'PTX-PLGA' 'PTX-PLGA' 'PTX-PLGA' 'PTX-PLGA' 'PTX-PLGA' 'PTX-PLGA'
 'PTX-PLGA' 'PTX-PLGA' 'PTX-PLGA' 'PTX-PLGA' 'PTX-PLGA' 'PTX-PLGA'
 'PTX-PLGA' 'PTX-PLGA' 'PTX-PLGA' 'PTX-PLGA' 'PTX-PLGA' 'PTX-PLGA'
 'PTX-PLGA' 'PTX-PLGA' 'PTX-PLGA' 'PTX-PLGA' 'PTX-PLGA' 'PTX-PLGA'
 'PTX-PLGA' 'PTX-PLGA' 'PTX-PLGA' 'PTX-PLGA' 'PTX-PLGA' 'PTX-PLGA'
 'PTX-PLGA' 'PTX-PLGA' 'PTX-PLGA' 'PTX-PLGA' 'PTX-PLGA' 'PTX-PLGA'
 'PTX-PLGA' 'PTX-PLGA' 'PTX-PLGA' 'PTX-PLGA' 'PTX-PLGA' 'PTX-PLGA'
 'PTX-PLGA' 'PTX-PLGA' 'PTX-PLGA' 'PTX-PLGA' 'PTX-PLGA' 'PTX-PLGA'
 'PTX-PLGA' 'PTX-PLGA' 'PTX-PLGA' 'PTX-PLGA' 'PTX-PLGA' 'PTX-PLGA'
 'PTX-PLGA' 'PTX-PLGA' 'PTX-PLGA' 'PTX-PLGA' 'PTX-PLGA' 'PTX-PLGA'
 'PTX-PLGA' 'PTX-PLGA' 'PTX-PLGA' 'PTX-PLGA' 'PTX-PLGA' 'PTX-PLGA'
 'PTX-PLGA' 'PTX-PLGA' 'PTX-PLGA' 'PTX-PLGA' 'PTX-PLGA' 'PTX-PLGA'
 'PTX-PLGA' 'PTX-PLGA' 'PTX-PLGA' 'PTX-PLGA' 'PTX-PLGA' 'PTX-PLGA'
 'PTX-PLGA' 'PTX-PLGA' 'PTX-PLGA' 'PTX-PLGA' 'PTX-PLGA' 'PTX-PLGA'
 'PTX-PLGA' 'PTX-PLGA' 'PTX-PLGA' 'PTX-PLGA' 'PTX-PLGA' 'PTX-PLGA'
 'PTX-PLGA' 'PTX-PLGA' 'PTX-PLGA' 'PTX-PLGA' 'PTX-PLGA' 'PTX-PLGA'
 'PTX-PLGA' 'PTX-PLGA' 'PTX-PLGA' 'PTX-PLGA' 'PTX-PLGA' 'PTX-PLGA'
 'PTX-PLGA' 'PTX-PLGA' 'PTX-PLGA' 'PTX-PLGA' 'PTX-PLGA' 'PTX-PLGA'
 'PTX-PLGA' 'PTX-PLGA' 'PTX-PLGA' 'PTX-PLGA' 'PTX-PLGA' 'PTX-PLGA'
 'PTX-PLGA' 'PTX-PLGA' 'PTX-PLGA' 'PTX-PLGA' 'PTX-PLGA' 'PTX-PLGA'
 'PTX-PLGA' 'PTX-PLGA' 'PTX-PLGA' 'PTX-PLGA' 'PTX-PLGA' 'PTX-PLGA'
 'PTX-PLGA' 'PTX-PLGA' 'PTX-PLGA' 'PTX-PLGA' 'PTX-PLGA' 'PTX-PLGA'
 'PTX-PLGA' 'PTX-PLGA' 'PTX-PLGA' 'PTX-PLGA' 'PTX-PLGA' 'PTX-PLGA'
 'PTX-PLGA' 'PTX-PLGA' 'PTX-PLGA' 'PTX-PLGA' 'PTX-PLGA' 'PTX-PLGA'
 'PTX-PLGA' 'PTX-PLGA' 'PTX-PLGA' 'PTX-PLGA' 'PTX-PLGA' 'PTX-PLGA'
 'PTX-PLGA' 'PTX-PLGA' 'PTX-PLGA' 'PTX-PLGA' 'PTX-PLGA' 'PTX-PLGA'
 'PTX-PLGA' 'PTX-PLGA' 'PTX-PLGA' 'PTX-PLGA-co-PALA' 'PTX-PLGA-co-PALA'
 'PTX-PLGA-co-PALA' 'PTX-PLGA-co-PALA' 'PTX-PLGA-co-PALA'
 'PTX-PLGA-co-PALA' 'PTX-PLGA-co-PALA' 'PTX-PLGA-co-PALA'
 'PTX-PLGA-co-PALA' 'PTX-PLGA-co-PALA' 'PTX-PLGA-co-PALA'
 'PTX-PLGA-co-PALA' 'PTX-PLGA-co-PALA' 'PTX-PLGA-co-PALA'
 'PTX-PLGA-co-PALA' 'PTX-PLGA-co-PALA' 'PTX-PLGA-co-PALA'
 'PTX-PLGA-co-PALA' 'PTX-PLGA-co-PALA' 'PTX-PLGA-co-PALA'
 'PTX-PLGA-co-PALA' 'PTX-PLGA-co-PALA' 'PTX-PLGA-co-PALA'
 'PTX-PLGA-co-PALA' 'PTX-PLGA-co-PALA' 'PTX-PLGA-co-PALA'
 'PTX-PLGA-co-PALA' 'PTX-PLGA-co-PALA' 'PTX-PLGA-co-PALA'
 'PTX-PLGA-co-PALA' 'PTX-PLGA-co-PALA' 'PTX-PLGA-co-PALA'
 'PTX-PLGA-co-PALA' 'PTX-PLGA-co-PALA' 'PTX-PLGA-co-PALA'
 'PTX-PLGA-co-PALA' 'PTX-PLGA-co-PALA' 'PTX-PLGA-co-PALA'
 'PTX-PLGA-co-PALA' 'PTX-PLGA-co-PALA' 'PTX-PLGA-co-PALA'
 'PTX-PLGA-co-PALA' 'PTX-PLGA-co-PALA' 'PTX-PLGA-co-PALA'
 'PTX-PLGA-co-PALA' 'PTX-PLGA-co-PALA' 'PTX-PLGA-co-PALA'
 'PTX-PLGA-co-PALA' 'PTX-PLGA-co-PALA' 'PTX-PLGA-co-PALA'
 'PTX-PLGA-co-PALA' 'PTX-PLGA-co-PALA' 'PTX-PLGA-co-PALA'
 'PTX-PLGA-co-PALA' 'PTX-PLGA-co-PALA' 'PTX-PLGA-co-PALA'
 'PTX-PLGA-co-PALA' 'PTX-PLGA-co-PALA' 'PTX-PLGA-co-PALA'
 'PTX-PLGA-co-PALA' 'PTX-PLGA-co-PALA' 'PTX-PLGA-co-PALA'
 'PTX-PLGA-co-PALA' 'PTX-PLGA-co-PALA' 'PTX-PLGA-co-PALA'
 'PTX-PLGA-co-PALA' 'PTX-PLGA-co-PALA' 'PTX-PLGA-co-PALA'
 'PTX-PLGA-co-PALA' 'PTX-PLGA-co-PALA' 'PTX-PLGA-co-PALA'
 'PTX-PLGA-co-PALA' 'PTX-PLGA-co-PALA' 'PTX-PLGA-co-PALA'
 'PTX-PLGA-co-PALA' 'PTX-PLGA-co-PALA' 'PTX-PLGA-co-PALA'
 'PTX-PLGA-co-PALA' 'PTX-PLGA-co-PALA' 'PTX-PLGA-co-PALA'
 'PTX-PLGA-co-PALA' 'PTX-PLGA-co-PALA' 'PTX-PLGA-co-PALA'
 'PTX-PLGA-co-PALA' 'PTX-PLGA-co-PALA' 'PTX-PLGA-co-PALA'
 'PTX-PLGA-co-PALA' 'PTX-PLGA-co-PALA' 'PTX-PLGA-co-PALA'
 'PTX-PLGA-co-PALA' 'PTX-PLGA-co-PALA' 'PTX-PLGA-co-PALA'
 'PTX-PLGA-co-PALA' 'PTX-PLGA-co-PALA' 'PTX-PLGA-co-PALA'
 'PTX-PLGA-co-PALA' 'PTX-PLGA-co-PALA' 'PTX-PLGA-co-PALA'
 'PTX-PLGA-co-PALA' 'PTX-PLGA-co-PALA' 'PTX-PLGA-co-PALA'
 'PTX-PLGA-co-PALA' 'PTX-PLGA-co-PALA' 'PTX-PLGA-co-PALA'
 'PTX-PLGA-co-PALA' 'PTX-PLGA-co-PALA' 'TAA-PLGA' 'TAA-PLGA' 'TAA-PLGA'
 'TAA-PLGA' 'TAA-PLGA' 'TAA-PLGA' 'TAA-PLGA' 'TAA-PLGA' 'TAA-PLGA'
 'TAA-PLGA' 'TAA-PLGA' 'TAA-PLGA' 'TAA-PLGA' 'TAA-PLGA' 'TAA-PLGA'
 'TAA-PLGA' 'TAA-PLGA' 'TAA-PLGA' 'TAA-PLGA' 'TAA-PLGA' 'TAA-PLGA'
 'TAA-PLGA' 'TAA-PLGA' 'TAA-PLGA' 'TAA-PLGA' 'TAA-PLGA' 'TAA-PLGA-co-PALA'
 'TAA-PLGA-co-PALA' 'TAA-PLGA-co-PALA' 'TAA-PLGA-co-PALA'
 'TAA-PLGA-co-PALA' 'TAA-PLGA-co-PALA' 'TAA-PLGA-co-PALA'
 'TAA-PLGA-co-PALA' 'TAA-PLGA-co-PALA' 'TAA-PLGA-co-PALA'
 'TAA-PLGA-co-PALA' 'TAA-PLGA-co-PALA' 'TAA-PLGA-co-PALA'
 'TAA-PLGA-co-PALA' 'TAA-PLGA-co-PALA' 'TAA-PLGA-co-PALA'
 'TAA-PLGA-co-PALA' 'TAA-PLGA-co-PALA' 'TAA-PLGA-co-PALA'
 'TAA-PLGA-co-PALA' 'TAA-PLGA-co-PALA' 'TAA-PLGA-co-PALA'
 'TAA-PLGA-co-PALA' 'TAA-PLGA-co-PALA' 'TAA-PLGA-co-PALA'
 'TAA-PLGA-co-PALA' 'TAA-PLGA-co-PALA' 'TAA-PLGA-co-PALA'
 'TAA-PLGA-co-PALA' 'TAA-PLGA-co-PALA' 'TAA-PLGA-co-PALA'
 'TAA-PLGA-co-PALA' 'TAA-PLGA-co-PALA' 'TAA-PLGA-co-PALA'
 'TAA-PLGA-co-PALA' 'TAA-PLGA-co-PALA' 'TAA-PLGA-co-PALA'
 'TAA-PLGA-co-PALA' 'TAA-PLGA-co-PALA' 'TAA-PLGA-co-PALA'
 'TAA-PLGA-co-PALA' 'TAA-PLGA-co-PALA' 'TAA-PLGA-co-PALA'
 'TAA-PLGA-co-PALA' 'TAA-PLGA-co-PALA' 'TAA-PLGA-co-PALA'
 'TAA-PLGA-co-PALA' 'TAA-PLGA-co-PALA' 'TAA-PLGA-co-PALA'
 'TAA-PLGA-co-PALA' 'TAA-PLGA-co-PALA' 'TAA-PLGA-co-PALA'
 'TAA-PLGA-co-PALA' 'TAA-PLGA-co-PALA' 'TAA-PLGA-co-PALA'
 'TAA-PLGA-co-PALA' 'TAA-PLGA-co-PALA' 'TAA-PLGA-co-PALA'
 'TAA-PLGA-co-PALA' 'TAA-PLGA-co-PALA' 'TAA-PLGA-co-PALA'
 'TAA-PLGA-co-PALA' 'TAA-PLGA-co-PALA' 'TAA-PLGA-co-PALA'
 'TAA-PLGA-co-PALA' 'TAA-PLGA-co-PALA' 'TAA-PLGA-co-PALA'
 'TAA-PLGA-co-PALA' 'TAA-PLGA-co-PALA' 'TAA-PLGA-co-PALA'
 'TAA-PLGA-co-PALA' 'TAA-PLGA-co-PALA' 'TMZ-PLGA' 'TMZ-PLGA' 'TMZ-PLGA'
 'TMZ-PLGA' 'TMZ-PLGA' 'TMZ-PLGA' 'TMZ-PLGA' 'TMZ-PLGA' 'TMZ-PLGA'
 'TMZ-PLGA' 'TMZ-PLGA' 'TMZ-PLGA' 'TMZ-PLGA' 'TMZ-PLGA' 'TMZ-PLGA'
 'TMZ-PLGA' 'TMZ-PLGA' 'TMZ-PLGA' 'TMZ-PLGA' 'TMZ-PLGA' 'TMZ-PLGA'
 'TMZ-PLGA' 'TMZ-PLGA' 'TMZ-PLGA']","[  8   8   8   8   8   8   8   8   8   8   8  91  91  91  91  91  91  91
  91  91  92  92  92  92  92  92  92  92  92  92  93  93  93  93  93  93
  93  93  93  94  94  94  94  94  94  94  94  94  94  94  95  95  95  95
  95  95  95  95  95  95  95  95 115 115 115 115 115 115 115 115 115 115
 115 115 115 115 116 116 116 116 116 116 116 116 116 116 116 116 117 117
 117 117 117 117 117 117 117 117 117 117 117 118 118 118 118 118 118 118
 118 118 118 118 118 119 119 119 119 119 119 119 119 119 119 119  46  46
  46  46  46  46  46  46  46  46  46  47  47  47  47  47  47  47  47  47
  47  47  47  48  48  48  48  48  48  48  48  48  49  49  49  49  49  49
  49  49  49  49  49  50  50  50  50  50  50  50  50  50  50  51  51  51
  51  51  51  51  51  51  51  51  96  96  96  96  96  96  96  96  96  96
  96  96  96  96  96  96  96  96  96  96  96  96  96  96  97  97  97  97
  97  97  97  97  97  97  97  97  97  97  97  97  97  97  97  97  97  98
  98  98  98  98  98  98  98  98  98  98  98  98  98  98  98  98  98  98
  98  98  98  99  99  99  99  99  99  99  99  99  99  99  99  99  99  99
  99  99  99  99  99 100 100 100 100 100 100 100 100 100 100 100 100 100
 100 100 100 100 100 100 100 100 100 100 101 101 101 101 101 101 101 101
 101 101 101 101 101 101 101 101 101 101 101 101 160 160 160 160 160 160
 160 160 160 160 160 160 160 160 160 160 160 160 160 160 160 160 160 160
 160 160 160 160 160 160 160 160 160 160 160 160 160 160 160 160 160 160
 160 160 160 160 160 160 160 160 160 160 160 161 161 161 161 161 161 161
 161 161 161 161 161 161 161 161 161 161 161 161 161 161 161 161 161 161
 161 161 161 161 161 161 161 161 161 161 161 161 161 161 161 161 161 161
 161 161 161 161 161 161 161 161 161 161  34  34  34  34  34  34  34  34
  34  34  34  34  35  35  35  35  35  35  35  35  35  35  35  35  35  35
 166 166 166 166 166 166 166 166 166 166 166 166 166 166 166 166 166 166
 166 166 166 166 166 166 166 166 166 166 166 166 166 166 166 166 166 166
 167 167 167 167 167 167 167 167 167 167 167 167 167 167 167 167 167 167
 167 167 167 167 167 167 167 167 167 167 167 167 167 167 167 167 167 167
 106 106 106 106 106 106 106 106 107 107 107 107 107 107 107 107 108 108
 108 108 108 108 108 108]","[0.00000000e+00 1.19284294e-01 1.07355865e+00 1.98807157e+00
 3.02186879e+00 5.00994036e+00 6.99801193e+00 1.00198807e+01
 1.30019881e+01 1.60238569e+01 1.99602386e+01 0.00000000e+00
 9.61639000e-02 1.96964000e+00 2.99828000e+00 5.00516000e+00
 7.05960000e+00 1.00429000e+01 1.30228000e+01 1.59999000e+01
 0.00000000e+00 1.89486000e-01 9.87213000e-01 2.06281000e+00
 2.99693000e+00 5.05182000e+00 5.98654000e+00 7.01309000e+00
 9.99596000e+00 1.30689000e+01 0.00000000e+00 9.61639000e-02
 1.03387000e+00 2.90391000e+00 5.00546000e+00 7.10805000e+00
 1.00428000e+01 1.30689000e+01 1.60462000e+01 0.00000000e+00
 9.61639000e-02 1.03402000e+00 2.06491000e+00 3.09385000e+00
 5.05541000e+00 7.01324000e+00 9.99492000e+00 1.29729000e+01
 1.60440000e+01 1.99532000e+01 0.00000000e+00 9.60144000e-02
 1.12794000e+00 2.06760000e+00 3.05077000e+00 4.12458000e+00
 5.98938000e+00 8.03903000e+00 1.00414000e+01 1.20435000e+01
 1.50216000e+01 1.81386000e+01 0.00000000e+00 1.07143000e+00
 4.01786000e+00 6.96429000e+00 1.41964000e+01 2.11607000e+01
 2.51786000e+01 2.81250000e+01 3.29464000e+01 3.99107000e+01
 4.50000000e+01 4.90179000e+01 5.19643000e+01 5.59821000e+01
 0.00000000e+00 1.07623000e+00 4.03587000e+00 6.99552000e+00
 2.07175000e+01 2.82511000e+01 3.52466000e+01 4.22422000e+01
 4.60090000e+01 5.00448000e+01 5.40807000e+01 5.81166000e+01
 0.00000000e+00 2.69058000e-01 1.07623000e+00 4.03587000e+00
 7.26457000e+00 2.09865000e+01 2.82511000e+01 3.49776000e+01
 4.22422000e+01 4.62780000e+01 5.00448000e+01 5.40807000e+01
 5.83857000e+01 0.00000000e+00 1.34529000e+00 4.03587000e+00
 6.99552000e+00 2.12556000e+01 2.82511000e+01 3.52466000e+01
 4.25112000e+01 4.62780000e+01 5.00448000e+01 5.43498000e+01
 5.83857000e+01 0.00000000e+00 1.34529000e+00 4.03587000e+00
 6.99552000e+00 2.09865000e+01 2.82511000e+01 3.52466000e+01
 4.22422000e+01 4.62780000e+01 5.03139000e+01 5.38117000e+01
 0.00000000e+00 4.15511493e-01 8.66350822e-01 2.05696906e+00
 4.93256127e+00 6.68608528e+00 8.78563491e+00 1.30710651e+01
 1.60823536e+01 2.18443002e+01 2.98620811e+01 0.00000000e+00
 4.11300228e-01 8.05755396e-01 1.36211031e+00 2.20342750e+00
 5.14990934e+00 7.18512020e+00 9.00859800e+00 1.28001404e+01
 1.58874656e+01 2.19325028e+01 2.98765865e+01 0.00000000e+00
 2.63632267e-01 7.90896800e-01 1.31590807e+00 5.11341445e+00
 9.04761905e+00 1.58727655e+01 2.21954334e+01 3.01562265e+01
 0.00000000e+00 6.39176806e-01 9.09568875e-01 2.05798408e+00
 4.96770317e+00 6.99939913e+00 9.52531170e+00 1.33190626e+01
 1.58502328e+01 2.17898453e+01 3.01291873e+01 0.00000000e+00
 2.92592593e-01 8.38518519e-01 2.58518519e+00 5.92962963e+00
 7.93777778e+00 1.28792593e+01 1.56829630e+01 2.18481481e+01
 3.01281481e+01 0.00000000e+00 2.80740741e-01 6.97037037e-01
 1.91333333e+00 5.51925926e+00 7.52370370e+00 9.40000000e+00
 1.31392593e+01 1.63429630e+01 2.23562963e+01 2.99666667e+01
 0.00000000e+00 4.26556000e-01 1.07198000e+00 1.71475000e+00
 2.99015000e+00 3.84167000e+00 5.11495000e+00 5.96806000e+00
 8.09179000e+00 8.94170000e+00 1.14941000e+01 1.31908000e+01
 1.46765000e+01 1.65856000e+01 1.82833000e+01 2.16692000e+01
 2.29408000e+01 2.65370000e+01 3.01358000e+01 3.39456000e+01
 3.86079000e+01 4.30540000e+01 6.48424000e+01 9.31948000e+01
 0.00000000e+00 4.27621000e-01 1.07358000e+00 2.56306000e+00
 3.83847000e+00 5.96167000e+00 8.08433000e+00 1.10527000e+01
 1.33857000e+01 1.48709000e+01 1.65675000e+01 1.86854000e+01
 2.16463000e+01 2.31294000e+01 2.67293000e+01 3.01183000e+01
 3.37176000e+01 3.87980000e+01 4.30316000e+01 6.50373000e+01
 9.29621000e+01 0.00000000e+00 6.39035000e-01 1.70569000e+00
 4.03711000e+00 5.31251000e+00 5.95208000e+00 6.59165000e+00
 9.13608000e+00 1.18914000e+01 1.31636000e+01 1.46472000e+01
 1.69781000e+01 1.86731000e+01 2.10003000e+01 2.33280000e+01
 2.69247000e+01 3.05209000e+01 3.43285000e+01 3.81366000e+01
 4.27903000e+01 6.43690000e+01 9.31346000e+01 0.00000000e+00
 4.27089000e-01 1.49428000e+00 2.98057000e+00 4.25651000e+00
 5.32317000e+00 7.23335000e+00 8.08327000e+00 1.29575000e+01
 1.44427000e+01 1.80421000e+01 2.07947000e+01 2.27001000e+01
 2.62968000e+01 3.03164000e+01 3.39152000e+01 3.79374000e+01
 4.32260000e+01 6.45905000e+01 9.31533000e+01 0.00000000e+00
 4.41467000e-01 8.81336000e-01 8.91987000e-01 2.16793000e+00
 3.01785000e+00 3.86776000e+00 5.56387000e+00 6.83502000e+00
 9.37572000e+00 1.17045000e+01 1.40348000e+01 1.65745000e+01
 1.78445000e+01 2.03836000e+01 2.29211000e+01 2.67293000e+01
 3.05347000e+01 3.43407000e+01 3.85716000e+01 4.32217000e+01
 6.52104000e+01 9.26948000e+01 0.00000000e+00 4.27621000e-01
 6.51284000e-01 8.72816000e-01 8.84532000e-01 3.84912000e+00
 6.38769000e+00 9.13767000e+00 1.16762000e+01 1.44278000e+01
 1.61202000e+01 1.92914000e+01 2.45773000e+01 2.79605000e+01
 3.09213000e+01 3.38811000e+01 3.87437000e+01 4.25502000e+01
 6.41166000e+01 9.28678000e+01 0.00000000e+00 4.16666667e-02
 1.66666667e-01 1.00000000e+00 2.00000000e+00 3.00000000e+00
 4.00000000e+00 5.00000000e+00 6.00000000e+00 7.00000000e+00
 8.00000000e+00 9.00000000e+00 1.00000000e+01 1.10000000e+01
 1.20000000e+01 1.30000000e+01 1.40000000e+01 1.50000000e+01
 1.60000000e+01 1.70000000e+01 1.80000000e+01 1.90000000e+01
 2.00000000e+01 2.10000000e+01 2.20000000e+01 2.30000000e+01
 2.40000000e+01 2.60000000e+01 2.80000000e+01 3.00000000e+01
 3.30000000e+01 3.50000000e+01 3.80000000e+01 4.00000000e+01
 4.20000000e+01 4.50000000e+01 4.80000000e+01 5.00000000e+01
 5.20000000e+01 5.60000000e+01 5.80000000e+01 6.10000000e+01
 6.30000000e+01 6.50000000e+01 6.80000000e+01 7.10000000e+01
 7.30000000e+01 7.60000000e+01 7.80000000e+01 8.00000000e+01
 8.30000000e+01 8.50000000e+01 8.70000000e+01 0.00000000e+00
 4.16666667e-02 1.66666667e-01 1.00000000e+00 2.00000000e+00
 3.00000000e+00 4.00000000e+00 5.00000000e+00 6.00000000e+00
 7.00000000e+00 8.00000000e+00 9.00000000e+00 1.00000000e+01
 1.10000000e+01 1.20000000e+01 1.30000000e+01 1.40000000e+01
 1.50000000e+01 1.60000000e+01 1.70000000e+01 1.80000000e+01
 1.90000000e+01 2.00000000e+01 2.10000000e+01 2.20000000e+01
 2.30000000e+01 2.40000000e+01 2.60000000e+01 2.80000000e+01
 3.00000000e+01 3.30000000e+01 3.50000000e+01 3.80000000e+01
 4.00000000e+01 4.20000000e+01 4.50000000e+01 4.80000000e+01
 5.00000000e+01 5.20000000e+01 5.60000000e+01 5.80000000e+01
 6.10000000e+01 6.30000000e+01 6.50000000e+01 6.80000000e+01
 7.10000000e+01 7.30000000e+01 7.60000000e+01 7.80000000e+01
 8.00000000e+01 8.30000000e+01 8.50000000e+01 8.70000000e+01
 0.00000000e+00 6.38173530e-01 1.27634706e+00 3.20956871e+00
 7.22328281e+00 1.43904625e+01 2.10036233e+01 2.83040480e+01
 3.46904586e+01 4.19441306e+01 4.90365060e+01 5.61335567e+01
 0.00000000e+00 8.64864865e-01 3.45945946e+00 7.78378378e+00
 1.42702703e+01 2.11891892e+01 2.85405405e+01 3.54594595e+01
 4.19459459e+01 4.86486486e+01 5.60000000e+01 6.22702703e+01
 6.94054054e+01 7.67567568e+01 0.00000000e+00 4.16666667e-02
 1.66666667e-01 1.00000000e+00 2.00000000e+00 3.00000000e+00
 4.00000000e+00 5.00000000e+00 6.00000000e+00 7.00000000e+00
 8.00000000e+00 9.00000000e+00 1.00000000e+01 1.10000000e+01
 1.20000000e+01 1.30000000e+01 1.40000000e+01 1.50000000e+01
 1.60000000e+01 1.70000000e+01 1.80000000e+01 1.90000000e+01
 2.00000000e+01 2.10000000e+01 2.20000000e+01 2.30000000e+01
 2.40000000e+01 2.60000000e+01 2.80000000e+01 3.00000000e+01
 3.30000000e+01 3.50000000e+01 3.80000000e+01 4.00000000e+01
 4.20000000e+01 4.50000000e+01 0.00000000e+00 4.16666667e-02
 1.66666667e-01 1.00000000e+00 2.00000000e+00 3.00000000e+00
 4.00000000e+00 5.00000000e+00 6.00000000e+00 7.00000000e+00
 8.00000000e+00 9.00000000e+00 1.00000000e+01 1.10000000e+01
 1.20000000e+01 1.30000000e+01 1.40000000e+01 1.50000000e+01
 1.60000000e+01 1.70000000e+01 1.80000000e+01 1.90000000e+01
 2.00000000e+01 2.10000000e+01 2.20000000e+01 2.30000000e+01
 2.40000000e+01 2.60000000e+01 2.80000000e+01 3.00000000e+01
 3.30000000e+01 3.50000000e+01 3.80000000e+01 4.00000000e+01
 4.20000000e+01 4.50000000e+01 0.00000000e+00 9.76862000e-02
 9.81872000e-01 6.99250000e+00 1.39783000e+01 2.09867000e+01
 2.80756000e+01 3.51512000e+01 0.00000000e+00 9.72688000e-02
 1.08624000e+00 7.00460000e+00 1.40004000e+01 2.10906000e+01
 2.80819000e+01 3.51537000e+01 0.00000000e+00 9.72688000e-02
 9.03389000e-01 6.92069000e+00 1.41023000e+01 2.10956000e+01
 2.79863000e+01 3.50581000e+01]","[0.         0.05777778 0.22666667 0.34222222 0.44       0.64
 0.83111111 0.94666667 0.99555556 0.99555556 0.99555556 0.
 0.0675241  0.347267   0.463023   0.610932   0.78135    0.92283
 0.990354   0.996785   0.         0.073955   0.22508    0.350482
 0.434084   0.614148   0.710611   0.78135    0.913183   0.980707
 0.         0.0675241  0.228296   0.434084   0.617363   0.823151
 0.919614   0.980707   0.993569   0.         0.0675241  0.231511
 0.395498   0.517685   0.691318   0.784566   0.890675   0.916399
 0.945338   0.993569   0.         0.0643087  0.250804   0.453376
 0.59164    0.678457   0.771704   0.839228   0.890675   0.935691
 0.96463    0.980707   0.         0.271972   0.318281   0.36459
 0.46192    0.642178   0.785344   0.896169   0.956447   0.984632
 0.989631   0.994548   1.00399    1.0043     0.         0.206422
 0.224771   0.256881   0.330275   0.385321   0.545872   0.697248
 0.825688   0.93578    0.954128   0.977064   0.         0.123853
 0.215596   0.247706   0.266055   0.362385   0.417431   0.536697
 0.715596   0.87156    0.944954   0.986239   1.00917    0.
 0.110092   0.142202   0.165138   0.243119   0.293578   0.472477
 0.669725   0.798165   0.876147   0.922018   0.949541   0.
 0.0688073  0.0963303  0.123853   0.201835   0.256881   0.46789
 0.674312   0.821101   0.926606   0.96789    0.         0.03490788
 0.24423642 0.27686378 0.3351705  0.37015617 0.43539451 0.48680646
 0.57070246 0.63382816 0.6854571  0.         0.05583787 0.19539568
 0.23031175 0.24896532 0.30495058 0.33995262 0.37726794 0.43330233
 0.48929578 0.54546119 0.61336492 0.         0.0625     0.1875
 0.3        0.36666667 0.49166667 0.55416667 0.62916667 0.69166667
 0.         0.04583333 0.14583333 0.21666667 0.25833333 0.32916667
 0.34166667 0.3875     0.42916667 0.47916667 0.54166667 0.
 0.13611111 0.20222222 0.27222222 0.33055556 0.37333333 0.41611111
 0.43555556 0.60277778 0.67277778 0.         0.07388889 0.15944444
 0.245      0.27611111 0.29944444 0.35       0.38111111 0.40055556
 0.47055556 0.525      0.         0.0105665  0.042285   0.0664469
 0.0860557  0.102655   0.116218   0.137351   0.164491   0.176556
 0.220307   0.23537    0.251949   0.270028   0.288112   0.297078
 0.306108   0.312044   0.325537   0.337513   0.36911    0.387112
 0.422725   0.486856   0.         0.0135891  0.0468189  0.0739779
 0.0935867  0.119215   0.143332   0.167424   0.188512   0.203581
 0.218643   0.229158   0.232091   0.241114   0.25763    0.275664
 0.290668   0.308651   0.323636   0.375868   0.426409   0.
 0.0135827  0.0407545  0.0573087  0.0769175  0.0920115  0.107106
 0.128187   0.147751   0.158292   0.168827   0.18387    0.194398
 0.198861   0.204836   0.212284   0.218221   0.224151   0.231593
 0.239009   0.279163   0.316077   0.         0.0120778  0.0407609
 0.058852   0.0799721  0.107144   0.128245   0.14031    0.173412
 0.18848    0.203485   0.215492   0.222991   0.230439   0.237875
 0.251368   0.26636    0.275268   0.307871   0.368973   0.
 0.0528834  0.101233   0.131459   0.152579   0.164644   0.176709
 0.19026    0.197778   0.208281   0.217278   0.23081    0.23829
 0.242786   0.248754   0.250189   0.25763    0.257515   0.258912
 0.26634    0.263177   0.267047   0.267727   0.         0.0135891
 0.048343   0.0770517  0.110301   0.123813   0.12827    0.132721
 0.137179   0.146163   0.149135   0.149039   0.150391   0.1518
 0.154733   0.154643   0.154496   0.157404   0.162797   0.158906
 0.         0.01083807 0.01390434 0.01700514 0.01763706 0.01859954
 0.01937866 0.0210983  0.02209016 0.0226799  0.02250173 0.02211823
 0.02479765 0.02504562 0.02580797 0.02619553 0.02657934 0.02963869
 0.02955514 0.03031417 0.03146157 0.03490085 0.03638966 0.03716442
 0.03850412 0.03927421 0.04004948 0.03926262 0.0401809  0.05064742
 0.10315011 0.15446707 0.20075527 0.21361756 0.23443005 0.2990799
 0.33518881 0.37644101 0.40055285 0.53610779 0.57851525 0.62526648
 0.66553905 0.69800856 0.76987267 0.79953966 0.85376612 0.91719652
 0.94551783 0.94593365 0.9510811  0.97078043 0.97177682 0.
 0.00251348 0.00371916 0.00509126 0.00588898 0.00609751 0.00648682
 0.00784488 0.00819434 0.00858647 0.00897945 0.00956502 0.01228114
 0.01240395 0.01279032 0.01317932 0.01356835 0.01628447 0.01644731
 0.01683408 0.01760823 0.02070948 0.02168685 0.02285205 0.02440267
 0.02527587 0.02587104 0.02506858 0.02695976 0.03326088 0.06546162
 0.14456259 0.21640487 0.24108148 0.29175695 0.45553281 0.6138416
 0.69770975 0.72396034 0.7448912  0.76694816 0.77363552 0.79677964
 0.79920809 0.80358639 0.82084127 0.82244585 0.82380902 0.84169735
 0.84222686 0.84263587 0.85948859 0.86791689 0.         0.01444137
 0.02888274 0.03355801 0.07188218 0.25971091 0.59251179 0.8383008
 0.9730523  0.9821301  0.99122089 0.99064947 0.         0.00988341
 0.02980922 0.04504505 0.05074192 0.04668786 0.06229465 0.13667197
 0.31883943 0.55495495 0.8009539  0.8899576  0.91043985 0.92114467
 0.         0.00419921 0.00536074 0.00689254 0.00778522 0.00866511
 0.00932924 0.00835621 0.00895435 0.00961285 0.01027255 0.01093227
 0.0085552  0.00864075 0.00993466 0.0099476  0.00994773 0.00790929
 0.00800797 0.00882753 0.00883573 0.00886331 0.01067773 0.01276046
 0.01175103 0.01382785 0.01632512 0.0186225  0.21170842 0.28681322
 0.68231493 0.71393907 0.75101971 0.77250895 0.78030413 0.80583813
 0.         0.00340623 0.00567405 0.00923893 0.01194986 0.01530362
 0.01889022 0.01855696 0.02178771 0.0249319  0.0263146  0.02986177
 0.02787544 0.02859414 0.02992114 0.03169417 0.03259178 0.03051115
 0.03167177 0.03335441 0.033789   0.03172836 0.0336162  0.035325
 0.03429468 0.03706936 0.03879589 0.04217035 0.09688398 0.12419213
 0.18281779 0.44741437 0.56392505 0.610706   0.66395192 0.82546058
 0.         0.00861016 0.137825   0.197522   0.32608    0.687394
 0.880595   0.935867   0.         0.00429986 0.2154     0.322521
 0.554526   0.760658   0.94525    0.961729   0.         0.00429986
 0.327489   0.456151   0.606239   0.812382   0.958191   0.97467   ]","[ 5.73635101e-04  7.68286586e-02  2.61677027e-01  3.51035774e-01
  4.97367859e-01  5.74734688e-01  6.30938351e-01  7.06831753e-01
  7.38326967e-01  7.42232740e-01  7.62641728e-01  5.32805920e-04
  5.82779050e-02  3.64460528e-01  4.99062777e-01  5.88043094e-01
  7.08613455e-01  7.60948360e-01  7.91627049e-01  7.76595891e-01
 -1.33043528e-03  9.24535990e-02  2.31969774e-01  3.72394145e-01
  4.94418502e-01  5.92349648e-01  6.38728082e-01  6.71362400e-01
  7.27274776e-01  7.57908762e-01  2.38674879e-03  6.79658055e-02
  2.38146544e-01  5.01425087e-01  5.56772768e-01  6.61397517e-01
  7.21898496e-01  7.53099084e-01  7.36494124e-01  1.63546801e-02
  8.45543742e-02  2.47570336e-01  3.80784214e-01  5.27874231e-01
  6.14630520e-01  6.97115421e-01  7.49091089e-01  7.77377725e-01
  7.73640513e-01  8.08820248e-01  1.95786357e-02  8.81325006e-02
  2.84809530e-01  4.38725054e-01  5.89371443e-01  6.17291987e-01
  7.09998906e-01  7.75491953e-01  7.92104185e-01  7.99016476e-01
  7.80577719e-01  7.86743402e-01  1.18837953e-02  1.99620485e-01
  3.31699371e-01  3.89971018e-01  5.70255756e-01  6.79892659e-01
  7.32528567e-01  7.73238182e-01  8.37335110e-01  8.84126961e-01
  9.04653788e-01  9.07862365e-01  9.13047254e-01  9.27134037e-01
  2.01169848e-02  1.32542491e-01  2.38956749e-01  2.88251042e-01
  6.37441933e-01  7.55316556e-01  8.71595502e-01  8.95020366e-01
  9.02560294e-01  9.08785462e-01  9.13012743e-01  9.35333669e-01
  2.06680894e-02  5.60208559e-02  1.49497926e-01  2.81973720e-01
  3.88666153e-01  7.01853931e-01  8.03510964e-01  8.94009829e-01
  9.30634558e-01  9.39632475e-01  9.39200640e-01  9.43427920e-01
  9.60618913e-01  2.91140676e-02  1.17933452e-01  1.83856845e-01
  2.37883389e-01  6.33436799e-01  7.46197820e-01  8.77565444e-01
  8.99031878e-01  8.94398808e-01  8.89857888e-01  8.93892646e-01
  9.14471209e-01  4.70725298e-02  1.22409821e-01  1.91457629e-01
  2.35025525e-01  5.90316951e-01  7.48407543e-01  8.59683454e-01
  8.80791485e-01  8.77919734e-01  8.75338137e-01  8.79372895e-01
 -1.02674365e-02  9.23004746e-02  1.94372296e-01  2.63880730e-01
  3.35599720e-01  3.54663074e-01  4.13672388e-01  4.84962046e-01
  5.62251031e-01  6.22191846e-01  6.67467654e-01 -1.60785913e-02
  1.12188041e-01  1.84704065e-01  2.78185606e-01  3.22029412e-01
  4.23214495e-01  4.72531915e-01  4.85416412e-01  5.27831614e-01
  5.64906418e-01  6.03844881e-01  6.59277201e-01  9.57030058e-03
  1.04596734e-01  2.16138303e-01  3.24732840e-01  5.40943742e-01
  6.12260640e-01  6.81266725e-01  7.06072688e-01  7.47474134e-01
 -2.04265118e-02  6.47025704e-02  8.45001936e-02  1.50652230e-01
  2.08140492e-01  2.39010930e-01  3.03177595e-01  3.54508936e-01
  4.47842181e-01  5.07703125e-01  5.92354178e-01 -3.51971388e-03
  5.66514134e-02  1.51128232e-01  2.16186941e-01  2.33632922e-01
  2.71122396e-01  3.85232866e-01  4.62874770e-01  5.75108230e-01
  6.68767452e-01 -9.23764706e-03  5.46785593e-02  1.41112387e-01
  2.23321736e-01  2.43756890e-01  2.65156865e-01  3.13210845e-01
  3.57547164e-01  4.29167271e-01  4.88670349e-01  5.86214006e-01
 -9.37092304e-03  8.92984867e-03  5.35628200e-02  6.91146255e-02
  1.24750972e-01  1.39511824e-01  1.48468912e-01  1.59731030e-01
  2.04957366e-01  2.11787164e-01  3.27382922e-01  3.46440732e-01
  3.90794098e-01  4.67860639e-01  4.42616880e-01  4.06358659e-01
  3.64068210e-01  4.10871148e-01  3.97474229e-01  4.47688341e-01
  4.80443656e-01  5.67832887e-01  6.41278327e-01  7.08081484e-01
 -1.14580393e-02  5.56236506e-03  4.90813851e-02  1.11939073e-01
  1.34227097e-01  1.60833657e-01  2.04885304e-01  2.97253072e-01
  3.40002418e-01  3.71684372e-01  4.39390838e-01  4.06707108e-01
  3.86915863e-01  3.50557864e-01  3.94398272e-01  3.82493556e-01
  4.31216776e-01  4.60321009e-01  5.46261787e-01  6.19720101e-01
  6.87017918e-01 -9.16290283e-03  1.18318200e-02  4.70655560e-02
  1.01628959e-01  1.03159845e-01  1.23419046e-01  1.19670630e-01
  1.60718381e-01  2.86151826e-01  3.33329916e-01  4.23657954e-01
  5.11101544e-01  4.72119272e-01  4.58812177e-01  3.98035228e-01
  3.99210334e-01  3.83738041e-01  4.35218692e-01  4.54742789e-01
  5.31199455e-01  6.17193460e-01  7.26503611e-01 -1.75017118e-02
 -1.95336342e-03  4.02686000e-02  7.69362450e-02  1.11356318e-01
  1.13093615e-01  1.60345078e-01  1.62412524e-01  3.22242856e-01
  3.72652709e-01  4.35381353e-01  4.08637345e-01  3.55420470e-01
  3.85677397e-01  3.65937233e-01  4.15657818e-01  4.40836728e-01
  5.39926112e-01  6.12241030e-01  6.96484029e-01 -6.35290146e-03
  3.22796702e-02  1.00578606e-01  1.00578606e-01  1.75434649e-01
  1.93080664e-01  2.15096414e-01  2.55055785e-01  2.60243297e-01
  3.30258191e-01  3.60063553e-01  3.95147383e-01  4.72729087e-01
  4.74204063e-01  5.02814114e-01  5.16217172e-01  5.52611232e-01
  5.93813658e-01  6.34318709e-01  6.78509355e-01  7.07538664e-01
  7.24603176e-01  7.66913056e-01  2.48640776e-03  3.33191752e-02
  7.70424008e-02  1.03572428e-01  1.03572428e-01  2.71364033e-01
  3.17504704e-01  3.90508652e-01  4.38748896e-01  5.17462492e-01
  5.62032878e-01  5.70550740e-01  5.59587955e-01  5.84628999e-01
  5.94989479e-01  6.26225770e-01  6.64317548e-01  6.96672618e-01
  7.25891352e-01  7.66876936e-01 -8.40842724e-04  5.75029850e-03
  8.37326050e-03  1.88636184e-02  2.29940414e-02  2.26957798e-02
  2.57504582e-02  2.75767446e-02  2.66503096e-02  2.72735357e-02
  2.84680724e-02  2.89960504e-02  2.86066532e-02  3.11048627e-02
  3.13195586e-02  3.27714682e-02  3.97587419e-02  4.18847203e-02
  4.90712523e-02  5.81226349e-02  6.09365702e-02  7.60019422e-02
  8.51373672e-02  8.80366564e-02  8.70193243e-02  1.16910696e-01
  1.32507563e-01  1.60406351e-01  2.00359821e-01  2.35291660e-01
  2.74488986e-01  3.41144800e-01  4.10505593e-01  4.53302443e-01
  4.94450808e-01  6.11244142e-01  6.30487382e-01  6.72496915e-01
  6.49322569e-01  6.58871710e-01  6.88141048e-01  6.98488474e-01
  7.35084295e-01  7.35084295e-01  7.37973869e-01  7.51331270e-01
  7.51331270e-01  7.96965837e-01  8.43678117e-01  8.43678117e-01
  8.68686557e-01  8.77884567e-01  8.77884567e-01 -1.97076797e-03
  4.31865454e-03  6.25956059e-03  1.75426006e-02  2.08017826e-02
  2.28414536e-02  2.32062340e-02  2.36840844e-02  2.16500163e-02
  2.10170150e-02  2.38729119e-02  2.27399468e-02  2.49354839e-02
  2.53838897e-02  1.02494955e-02  1.21107697e-02  1.84929967e-02
 -5.92970848e-03  1.92993879e-03  6.94358349e-03  1.62756443e-03
  2.27899551e-02  2.97303200e-02  3.38783860e-02  4.26445007e-02
  1.02584302e-01  1.18305922e-01  1.58931017e-01  2.08759010e-01
  2.47392893e-01  2.83997118e-01  3.30976307e-01  3.92156541e-01
  4.19279277e-01  4.71974730e-01  6.17530942e-01  6.64057732e-01
  7.02217340e-01  6.74880564e-01  7.03672171e-01  7.53374219e-01
  7.72752941e-01  8.11438441e-01  8.11438441e-01  8.27875376e-01
  8.39134336e-01  8.39134336e-01  8.75738084e-01  9.25502181e-01
  9.25502181e-01  9.63646710e-01  9.92900968e-01  9.92900968e-01
 -7.15434551e-03  1.39688253e-02  3.58724594e-02  5.35333157e-02
  1.32414162e-01  5.93896031e-01  8.12040210e-01  8.80068362e-01
  9.17564809e-01  8.89182270e-01  8.73374641e-01  8.83022666e-01
 -1.46684051e-02  2.37871408e-02  4.76940870e-02  1.13974333e-01
  5.58047175e-01  6.83506310e-01  6.41866267e-01  6.08243048e-01
  6.03752911e-01  6.45396531e-01  6.57799602e-01  6.63236260e-01
  7.16112256e-01  7.44214833e-01 -4.97120619e-03  1.40941143e-03
  1.38872862e-03  8.20136070e-03  1.16662383e-02  8.34000111e-03
  9.88912582e-03  1.04528069e-02  9.56314802e-03  8.38696957e-03
  8.69458914e-03  9.68170166e-03  1.18014812e-02  9.45895910e-03
  4.34237719e-03  5.88470697e-03  4.38266993e-03 -1.34050250e-02
 -6.50632381e-03  2.00090408e-02  2.55923867e-02  4.96021509e-02
  6.81949854e-02  7.00060129e-02  1.03798926e-01  1.47656739e-01
  1.77843690e-01  2.27920353e-01  2.83180833e-01  3.29951167e-01
  3.71806145e-01  4.11133170e-01  4.68582273e-01  4.92130458e-01
  5.35372913e-01  6.99252546e-01 -6.33156300e-03  1.95503235e-04
  1.74820423e-04  7.81613588e-03  1.13347769e-02  8.00853968e-03
  9.55766439e-03  9.80514288e-03  9.04500484e-03  8.61990452e-03
  8.83615017e-03  1.02692842e-02  9.81789827e-03  1.02722645e-02
  7.57914782e-03  8.93187523e-03  8.77743959e-03 -4.58824635e-03
  6.84219599e-03  3.29642892e-02  3.87190580e-02  5.69077730e-02
  7.53047466e-02  7.95908570e-02  1.16752028e-01  1.56704009e-01
  1.84051216e-01  2.36265481e-01  2.88502097e-01  3.36321175e-01
  3.77921581e-01  4.16896999e-01  4.71082211e-01  4.95979190e-01
  5.40421307e-01  7.06062734e-01  4.55731153e-03  1.92189813e-02
  6.70347214e-02  2.70144463e-01  6.49450064e-01  8.05804312e-01
  9.68467414e-01  1.06760550e+00  1.94239616e-02  4.93444800e-02
  1.28670335e-01  3.57309282e-01  6.86453044e-01  8.92338634e-01
  9.52359140e-01  1.02818251e+00  6.49106503e-03  5.13168573e-02
  1.81468546e-01  4.37955916e-01  7.06585586e-01  8.54199350e-01
  9.07012343e-01  9.96580601e-01]",0.01011669337123744
5,0.09736549808095946,0.11096391443179292,"{'subsample': 0.7, 'reg_lambda': 0.1, 'reg_alpha': 0.001, 'n_estimators': 300, 'min_child_weight': 1.0, 'max_depth': 5, 'max_delta_step': 6, 'learning_rate': 0.1, 'gamma': 0, 'booster': 'dart'}","['HPA-PLGA' 'HPA-PLGA' 'HPA-PLGA' 'HPA-PLGA' 'HPA-PLGA' 'HPA-PLGA'
 'HPA-PLGA' 'HPA-PLGA' 'HPA-PLGA' 'HPA-PLGA' 'HPA-PLGA' 'HPA-PLGA'
 'HPA-PLGA' 'HPA-PLGA' 'HPA-PLGA' 'HPA-PLGA' 'HPA-PLGA' 'HPA-PLGA'
 'HPA-PLGA' 'HPA-PLGA' 'HPA-PLGA' 'HPA-PLGA' 'HPA-PLGA' 'HPA-PLGA'
 'HPA-PLGA' 'HPA-PLGA' 'HPA-PLGA' 'HPA-PLGA' 'HPA-PLGA' 'HPA-PLGA'
 'HPA-PLGA' 'HPA-PLGA' 'LPA-PLGA' 'LPA-PLGA' 'LPA-PLGA' 'LPA-PLGA'
 'LPA-PLGA' 'LPA-PLGA' 'LPA-PLGA' 'LPA-PLGA' 'LPA-PLGA' 'LPA-PLGA'
 'LPA-PLGA' 'LPA-PLGA' 'LPA-PLGA' 'LPA-PLGA' 'LPA-PLGA' 'LPA-PLGA'
 'LPA-PLGA' 'LPA-PLGA' 'LPA-PLGA' 'LPA-PLGA' 'LPA-PLGA' 'LPA-PLGA'
 'LPA-PLGA' 'LPA-PLGA' 'LPA-PLGA' 'LPA-PLGA' 'LPA-PLGA' 'LPA-PLGA'
 'LPA-PLGA' 'LPA-PLGA' 'LPA-PLGA' 'LPA-PLGA' 'LPA-PLGA' 'LPA-PLGA'
 'LPA-PLGA' 'LPA-PLGA' 'LPA-PLGA' 'LPA-PLGA' 'LPA-PLGA' 'LPA-PLGA'
 'LPA-PLGA' 'LPA-PLGA' 'LPA-PLGA' 'LPA-PLGA' 'LPA-PLGA' 'LPA-PLGA'
 'LPA-PLGA' 'LPA-PLGA' 'LPA-PLGA' 'LPA-PLGA' 'LPA-PLGA' 'LPA-PLGA'
 'LPA-PLGA' 'LPA-PLGA' 'LPA-PLGA' 'LPA-PLGA' 'LPA-PLGA' 'LPA-PLGA'
 'LPA-PLGA' 'LPA-PLGA' 'LPA-PLGA' 'LPA-PLGA' 'LTZ-PLGA' 'LTZ-PLGA'
 'LTZ-PLGA' 'LTZ-PLGA' 'LTZ-PLGA' 'LTZ-PLGA' 'LTZ-PLGA' 'LTZ-PLGA'
 'LTZ-PLGA' 'LTZ-PLGA' 'LTZ-PLGA' 'LTZ-PLGA' 'LTZ-PLGA' 'LTZ-PLGA'
 'LTZ-PLGA' 'LTZ-PLGA' 'LTZ-PLGA' 'LTZ-PLGA' 'LTZ-PLGA' 'LTZ-PLGA'
 'LTZ-PLGA' 'LTZ-PLGA' 'LTZ-PLGA' 'LTZ-PLGA' 'LTZ-PLGA' 'LTZ-PLGA'
 'LTZ-PLGA' 'LTZ-PLGA' 'LTZ-PLGA' 'LTZ-PLGA' 'LTZ-PLGA' 'LTZ-PLGA'
 'LTZ-PLGA' 'LTZ-PLGA' 'LTZ-PLGA' 'LTZ-PLGA' 'LTZ-PLGA' 'LTZ-PLGA'
 'LTZ-PLGA' 'LTZ-PLGA' 'LTZ-PLGA' 'LTZ-PLGA' 'LTZ-PLGA' 'LTZ-PLGA'
 'LTZ-PLGA' 'LTZ-PLGA' 'LTZ-PLGA' 'LTZ-PLGA' 'LTZ-PLGA' 'LTZ-PLGA'
 'LTZ-PLGA' 'LTZ-PLGA' 'LTZ-PLGA' 'LTZ-PLGA' 'LTZ-PLGA' 'LTZ-PLGA'
 'LTZ-PLGA' 'LTZ-PLGA' 'LTZ-PLGA' 'LTZ-PLGA' 'LTZ-PLGA' 'LTZ-PLGA'
 'LTZ-PLGA' 'LTZ-PLGA' 'LTZ-PLGA' 'LTZ-PLGA' 'LTZ-PLGA' 'LTZ-PLGA'
 'LTZ-PLGA' 'LTZ-PLGA' 'LTZ-PLGA' 'LTZ-PLGA' 'LTZ-PLGA' 'LTZ-PLGA'
 'LTZ-PLGA' 'PRC-PLGA' 'PRC-PLGA' 'PRC-PLGA' 'PRC-PLGA' 'PRC-PLGA'
 'PRC-PLGA' 'PRC-PLGA' 'PRC-PLGA' 'PRC-PLGA' 'PRC-PLGA' 'PRC-PLGA'
 'PRC-PLGA' 'PRC-PLGA' 'PRC-PLGA' 'PRC-PLGA' 'PRC-PLGA' 'PRC-PLGA'
 'PRC-PLGA' 'PRC-PLGA' 'PRC-PLGA' 'PRC-PLGA' 'PRC-PLGA' 'PRC-PLGA'
 'PRC-PLGA' 'PRC-PLGA' 'PRC-PLGA' 'PRC-PLGA' 'PRC-PLGA' 'PRC-PLGA'
 'PRC-PLGA' 'PRC-PLGA' 'PRC-PLGA' 'PRC-PLGA' 'PRC-PLGA' 'PRC-PLGA'
 'PRC-PLGA' 'PRC-PLGA' 'PRC-PLGA' 'PRC-PLGA' 'PRC-PLGA' 'PRC-PLGA'
 'PRC-PLGA' 'PRC-PLGA' 'PRC-PLGA' 'PRC-PLGA' 'PRC-PLGA' 'PRC-PLGA'
 'PRC-PLGA' 'PRC-PLGA' 'PRC-PLGA' 'PRC-PLGA' 'PRC-PLGA' 'PRC-PLGA'
 'PRC-PLGA' 'PRC-PLGA' 'PRC-PLGA' 'PRC-PLGA' 'PRC-PLGA' 'PRC-PLGA'
 'PRC-PLGA' 'PRC-PLGA' 'PRC-PLGA' 'PRC-PLGA' 'PRC-PLGA' 'PRC-PLGA'
 'PRC-PLGA' 'PRC-PLGA' 'PRC-PLGA' 'PRC-PLGA' 'PRC-PLGA' 'PRC-PLGA'
 'PRC-PLGA' 'PRC-PLGA' 'PRC-PLGA' 'PRC-PLGA' 'PRC-PLGA' 'PRC-PLGA'
 'PRC-PLGA' 'PRC-PLGA' 'PRC-PLGA' 'PRC-PLGA' 'PRC-PLGA' 'PRC-PLGA'
 'PRC-PLGA' 'PRC-PLGA' 'PRC-PLGA' 'PRC-PLGA' 'PRC-PLGA' 'PRC-PLGA'
 'PRC-PLGA' 'PRC-PLGA' 'PRC-PLGA' 'PRC-PLGA' 'PRC-PLGA' 'PRC-PLGA'
 'PRC-PLGA' 'PRC-PLGA' 'PRC-PLGA' 'PRC-PLGA' 'PRC-PLGA' 'PRC-PLGA'
 'PRC-PLGA' 'PRC-PLGA' 'PRC-PLGA' 'PRC-PLGA' 'PRC-PLGA' 'PRC-PLGA'
 'PRC-PLGA' 'PRC-PLGA' 'PRC-PLGA' 'PRC-PLGA' 'PRC-PLGA' 'PRC-PLGA'
 'PRC-PLGA' 'PRC-PLGA' 'PRC-PLGA' 'PRC-PLGA' 'PRC-PLGA' 'PRC-PLGA'
 'PRC-PLGA' 'PRC-PLGA' 'PRC-PLGA' 'PRC-PLGA' 'PRC-PLGA' 'PRC-PLGA'
 'PRC-PLGA' 'PRC-PLGA' 'PRC-PLGA' 'PRC-PLGA' 'PRC-PLGA' 'PRC-PLGA'
 'PRC-PLGA' 'PRC-PLGA' 'PRC-PLGA' 'PRC-PLGA' 'PRC-PLGA' 'PRC-PLGA'
 'PRC-PLGA' 'PRC-PLGA' 'PRC-PLGA' 'PRC-PLGA' 'PRC-PLGA' 'PRC-PLGA'
 'PRC-PLGA' 'PRC-PLGA' 'PRC-PLGA' 'PRC-PLGA' 'PRC-PLGA' 'PRC-PLGA'
 'PRC-PLGA' 'PRC-PLGA' 'PRC-PLGA' 'PRC-PLGA' 'PRC-PLGA' 'PRC-PLGA'
 'PRC-PLGA' 'PRC-PLGA' 'PRC-PLGA' 'PRC-PLGA' 'PRC-PLGA' 'PRC-PLGA'
 'PRC-PLGA' 'PRC-PLGA' 'PRC-PLGA' 'PRC-PLGA' 'PRC-PLGA' 'PRC-PLGA'
 'PRC-PLGA' 'PRC-PLGA' 'PRC-PLGA' 'PRC-PLGA' 'PRC-PLGA' 'PRC-PLGA'
 'PRC-PLGA' 'PRC-PLGA' 'PRC-PLGA' 'PRC-PLGA' 'PRC-PLGA' 'PRC-PLGA'
 'PRC-PLGA' 'PRC-PLGA' 'PRC-PLGA' 'PRC-PLGA' 'PRC-PLGA' 'PRC-PLGA'
 'PRC-PLGA' 'PRC-PLGA' 'PRC-PLGA' 'PRC-PLGA' 'PTX-PLGA' 'PTX-PLGA'
 'PTX-PLGA' 'PTX-PLGA' 'PTX-PLGA' 'PTX-PLGA' 'PTX-PLGA' 'PTX-PLGA'
 'PTX-PLGA' 'PTX-PLGA' 'PTX-PLGA' 'PTX-PLGA' 'PTX-PLGA' 'PTX-PLGA'
 'PTX-PLGA' 'PTX-PLGA' 'PTX-PLGA' 'PTX-PLGA' 'PTX-PLGA' 'PTX-PLGA'
 'PTX-PLGA' 'PTX-PLGA' 'PTX-PLGA' 'PTX-PLGA' 'PTX-PLGA' 'PTX-PLGA'
 'PTX-PLGA' 'PTX-PLGA' 'PTX-PLGA' 'PTX-PLGA' 'PTX-PLGA' 'PTX-PLGA'
 'PTX-PLGA' 'PTX-PLGA' 'PTX-PLGA' 'PTX-PLGA' 'PTX-PLGA' 'PTX-PLGA'
 'PTX-PLGA' 'PTX-PLGA' 'PTX-PLGA' 'PTX-PLGA' 'PTX-PLGA' 'PTX-PLGA'
 'PTX-PLGA' 'PTX-PLGA' 'PTX-PLGA' 'PTX-PLGA' 'PTX-PLGA' 'PTX-PLGA'
 'PTX-PLGA' 'PTX-PLGA' 'PTX-PLGA' 'PTX-PLGA' 'PTX-PLGA' 'PTX-PLGA'
 'PTX-PLGA' 'PTX-PLGA' 'PTX-PLGA' 'PTX-PLGA' 'PTX-PLGA' 'PTX-PLGA'
 'PTX-PLGA' 'PTX-PLGA' 'PTX-PLGA' 'PTX-PLGA' 'PTX-PLGA' 'PTX-PLGA'
 'PTX-PLGA' 'PTX-PLGA' 'PTX-PLGA' 'PTX-PLGA' 'PTX-PLGA' 'PTX-PLGA'
 'PTX-PLGA' 'PTX-PLGA' 'PTX-PLGA' 'PTX-PLGA' 'PTX-PLGA' 'PTX-PLGA'
 'PTX-PLGA' 'PTX-PLGA' 'PTX-PLGA' 'PTX-PLGA' 'PTX-PLGA' 'PTX-PLGA'
 'PTX-PLGA' 'PTX-PLGA' 'PTX-PLGA' 'PTX-PLGA' 'PTX-PLGA' 'PTX-PLGA'
 'PTX-PLGA' 'PTX-PLGA' 'PTX-PLGA' 'PTX-PLGA' 'PTX-PLGA' 'PTX-PLGA'
 'PTX-PLGA' 'PTX-PLGA' 'PTX-PLGA' 'PTX-PLGA' 'PTX-PLGA' 'PTX-PLGA'
 'PTX-PLGA' 'PTX-PLGA' 'PTX-PLGA' 'PTX-PLGA' 'PTX-PLGA' 'PTX-PLGA'
 'PTX-PLGA' 'PTX-PLGA' 'PTX-PLGA' 'PTX-PLGA' 'PTX-PLGA' 'PTX-PLGA'
 'PTX-PLGA' 'PTX-PLGA' 'PTX-PLGA' 'PTX-PLGA' 'PTX-PLGA' 'PTX-PLGA'
 'PTX-PLGA' 'PTX-PLGA' 'PTX-PLGA' 'PTX-PLGA' 'PTX-PLGA' 'PTX-PLGA'
 'PTX-PLGA' 'PTX-PLGA' 'PTX-PLGA' 'PTX-PLGA' 'PTX-PLGA' 'PTX-PLGA'
 'PTX-PLGA' 'PTX-PLGA' 'PTX-PLGA' 'PTX-PLGA' 'PTX-PLGA' 'PTX-PLGA'
 'PTX-PLGA' 'PTX-PLGA' 'PTX-PLGA' 'PTX-PLGA' 'PTX-PLGA' 'PTX-PLGA'
 'PTX-PLGA' 'PTX-PLGA' 'PTX-PLGA' 'PTX-PLGA' 'PTX-PLGA' 'PTX-PLGA'
 'PTX-PLGA' 'PTX-PLGA' 'PTX-PLGA' 'PTX-PLGA' 'PTX-PLGA' 'PTX-PLGA'
 'PTX-PLGA' 'PTX-PLGA' 'PTX-PLGA' 'PTX-PLGA' 'PTX-PLGA' 'PTX-PLGA'
 'PTX-PLGA' 'PTX-PLGA' 'PTX-PLGA' 'PTX-PLGA' 'PTX-PLGA' 'PTX-PLGA'
 'PTX-PLGA' 'PTX-PLGA' 'PTX-PLGA' 'PTX-PLGA' 'PTX-PLGA' 'PTX-PLGA'
 'PTX-PLGA' 'PTX-PLGA' 'PTX-PLGA' 'PTX-PLGA' 'PTX-PLGA' 'PTX-PLGA'
 'PTX-PLGA' 'PTX-PLGA' 'PTX-PLGA' 'PTX-PLGA' 'PTX-PLGA' 'PTX-PLGA'
 'PTX-PLGA' 'PTX-PLGA' 'PTX-PLGA' 'PTX-PLGA' 'PTX-PLGA' 'PTX-PLGA'
 'PTX-PLGA-co-PAVL' 'PTX-PLGA-co-PAVL' 'PTX-PLGA-co-PAVL'
 'PTX-PLGA-co-PAVL' 'PTX-PLGA-co-PAVL' 'PTX-PLGA-co-PAVL'
 'PTX-PLGA-co-PAVL' 'PTX-PLGA-co-PAVL' 'PTX-PLGA-co-PAVL'
 'PTX-PLGA-co-PAVL' 'PTX-PLGA-co-PAVL' 'PTX-PLGA-co-PAVL'
 'PTX-PLGA-co-PAVL' 'PTX-PLGA-co-PAVL' 'PTX-PLGA-co-PAVL'
 'PTX-PLGA-co-PAVL' 'PTX-PLGA-co-PAVL' 'PTX-PLGA-co-PAVL'
 'PTX-PLGA-co-PAVL' 'PTX-PLGA-co-PAVL' 'PTX-PLGA-co-PAVL'
 'PTX-PLGA-co-PAVL' 'PTX-PLGA-co-PAVL' 'PTX-PLGA-co-PAVL'
 'PTX-PLGA-co-PAVL' 'PTX-PLGA-co-PAVL' 'PTX-PLGA-co-PAVL'
 'PTX-PLGA-co-PAVL' 'PTX-PLGA-co-PAVL' 'PTX-PLGA-co-PAVL'
 'PTX-PLGA-co-PAVL' 'PTX-PLGA-co-PAVL' 'PTX-PLGA-co-PAVL'
 'PTX-PLGA-co-PAVL' 'PTX-PLGA-co-PAVL' 'PTX-PLGA-co-PAVL'
 'PTX-PLGA-co-PAVL' 'PTX-PLGA-co-PAVL' 'PTX-PLGA-co-PAVL'
 'PTX-PLGA-co-PAVL' 'PTX-PLGA-co-PAVL' 'PTX-PLGA-co-PAVL'
 'PTX-PLGA-co-PAVL' 'PTX-PLGA-co-PAVL' 'PTX-PLGA-co-PAVL'
 'PTX-PLGA-co-PAVL' 'PTX-PLGA-co-PAVL' 'PTX-PLGA-co-PAVL'
 'PTX-PLGA-co-PAVL' 'PTX-PLGA-co-PAVL' 'PTX-PLGA-co-PAVL'
 'PTX-PLGA-co-PAVL' 'PTX-PLGA-co-PAVL' 'PTX-PLGA-co-PAVL'
 'PTX-PLGA-co-PAVL' 'PTX-PLGA-co-PAVL' 'PTX-PLGA-co-PAVL'
 'PTX-PLGA-co-PAVL' 'PTX-PLGA-co-PAVL' 'PTX-PLGA-co-PAVL'
 'PTX-PLGA-co-PAVL' 'PTX-PLGA-co-PAVL' 'PTX-PLGA-co-PAVL'
 'PTX-PLGA-co-PAVL' 'PTX-PLGA-co-PAVL' 'PTX-PLGA-co-PAVL'
 'PTX-PLGA-co-PAVL' 'PTX-PLGA-co-PAVL' 'PTX-PLGA-co-PAVL'
 'PTX-PLGA-co-PAVL' 'PTX-PLGA-co-PAVL' 'PTX-PLGA-co-PAVL'
 'PTX-PLGA-co-PAVL' 'PTX-PLGA-co-PAVL' 'PTX-PLGA-co-PAVL'
 'PTX-PLGA-co-PAVL' 'PTX-PLGA-co-PAVL' 'PTX-PLGA-co-PAVL'
 'PTX-PLGA-co-PAVL' 'PTX-PLGA-co-PAVL' 'PTX-PLGA-co-PAVL'
 'PTX-PLGA-co-PAVL' 'PTX-PLGA-co-PAVL' 'PTX-PLGA-co-PAVL'
 'PTX-PLGA-co-PAVL' 'PTX-PLGA-co-PAVL' 'PTX-PLGA-co-PAVL'
 'PTX-PLGA-co-PAVL' 'TMZ-PLGA' 'TMZ-PLGA' 'TMZ-PLGA' 'TMZ-PLGA' 'TMZ-PLGA'
 'TMZ-PLGA' 'TMZ-PLGA' 'TMZ-PLGA' 'TMZ-PLGA' 'TMZ-PLGA' 'TMZ-PLGA'
 'TMZ-PLGA' 'TMZ-PLGA' 'TMZ-PLGA' 'TMZ-PLGA' 'TMZ-PLGA' 'TMZ-PLGA'
 'TMZ-PLGA' 'TMZ-PLGA' 'TMZ-PLGA' 'TMZ-PLGA' 'TMZ-PLGA' 'TMZ-PLGA'
 'TMZ-PLGA']","[102 102 102 102 102 102 102 102 102 103 103 103 103 103 103 103 103 104
 104 104 104 104 104 104 105 105 105 105 105 105 105 105 115 115 115 115
 115 115 115 115 115 115 115 115 115 115 116 116 116 116 116 116 116 116
 116 116 116 116 117 117 117 117 117 117 117 117 117 117 117 117 117 118
 118 118 118 118 118 118 118 118 118 118 118 119 119 119 119 119 119 119
 119 119 119 119  38  38  38  38  38  38  38  38  38  38  38  38  38  38
  38  38  38  38  38  39  39  39  39  39  39  39  39  39  39  39  39  39
  39  39  39  39  39  39  40  40  40  40  40  40  40  40  40  40  40  40
  40  40  40  40  40  40  41  41  41  41  41  41  41  41  41  41  41  41
  41  41  41  41  41  41  41 120 120 120 120 120 120 120 120 120 120 120
 120 120 120 120 120 120 120 120 120 120 120 120 120 120 120 120 121 121
 121 121 121 121 121 121 121 121 121 121 121 121 121 121 121 121 121 121
 121 121 121 121 121 121 121 121 122 122 122 122 122 122 122 122 122 122
 122 122 122 122 122 122 122 122 122 122 122 122 122 122 122 122 122 123
 123 123 123 123 123 123 123 123 123 123 123 123 123 123 123 123 123 123
 123 123 123 123 123 123 123 123 124 124 124 124 124 124 124 124 124 124
 124 124 124 124 124 124 124 124 124 124 124 124 124 124 124 124 124 125
 125 125 125 125 125 125 125 125 125 125 125 125 125 125 125 125 125 125
 125 125 125 125 125 125 125 126 126 126 126 126 126 126 126 126 126 126
 126 126 126 126 126 126 126 126 126 126 126 126 126 126 126 126  46  46
  46  46  46  46  46  46  46  46  46  47  47  47  47  47  47  47  47  47
  47  47  47  48  48  48  48  48  48  48  48  48  49  49  49  49  49  49
  49  49  49  49  49  50  50  50  50  50  50  50  50  50  50  51  51  51
  51  51  51  51  51  51  51  51  96  96  96  96  96  96  96  96  96  96
  96  96  96  96  96  96  96  96  96  96  96  96  96  96  97  97  97  97
  97  97  97  97  97  97  97  97  97  97  97  97  97  97  97  97  97  98
  98  98  98  98  98  98  98  98  98  98  98  98  98  98  98  98  98  98
  98  98  98  99  99  99  99  99  99  99  99  99  99  99  99  99  99  99
  99  99  99  99  99 100 100 100 100 100 100 100 100 100 100 100 100 100
 100 100 100 100 100 100 100 100 100 100 101 101 101 101 101 101 101 101
 101 101 101 101 101 101 101 101 101 101 101 101 162 162 162 162 162 162
 162 162 162 162 162 162 162 162 162 162 162 162 162 162 162 162 162 162
 162 162 162 162 162 162 162 162 162 162 162 162 162 162 162 162 162 162
 162 162 163 163 163 163 163 163 163 163 163 163 163 163 163 163 163 163
 163 163 163 163 163 163 163 163 163 163 163 163 163 163 163 163 163 163
 163 163 163 163 163 163 163 163 163 163 106 106 106 106 106 106 106 106
 107 107 107 107 107 107 107 107 108 108 108 108 108 108 108 108]","[0.00000000e+00 5.16219000e-02 9.84860000e-01 1.95687000e+00
 3.94848000e+00 6.04119000e+00 8.03161000e+00 1.00185000e+01
 1.20562000e+01 0.00000000e+00 9.77723000e-01 2.00160000e+00
 3.94872000e+00 5.99742000e+00 8.08632000e+00 1.00736000e+01
 1.20598000e+01 0.00000000e+00 5.16219000e-02 1.03577000e+00
 2.00778000e+00 4.05030000e+00 5.98790000e+00 8.03517000e+00
 0.00000000e+00 5.16219000e-02 9.89856000e-01 2.01635000e+00
 3.95752000e+00 5.99789000e+00 8.08632000e+00 1.00725000e+01
 0.00000000e+00 1.07143000e+00 4.01786000e+00 6.96429000e+00
 1.41964000e+01 2.11607000e+01 2.51786000e+01 2.81250000e+01
 3.29464000e+01 3.99107000e+01 4.50000000e+01 4.90179000e+01
 5.19643000e+01 5.59821000e+01 0.00000000e+00 1.07623000e+00
 4.03587000e+00 6.99552000e+00 2.07175000e+01 2.82511000e+01
 3.52466000e+01 4.22422000e+01 4.60090000e+01 5.00448000e+01
 5.40807000e+01 5.81166000e+01 0.00000000e+00 2.69058000e-01
 1.07623000e+00 4.03587000e+00 7.26457000e+00 2.09865000e+01
 2.82511000e+01 3.49776000e+01 4.22422000e+01 4.62780000e+01
 5.00448000e+01 5.40807000e+01 5.83857000e+01 0.00000000e+00
 1.34529000e+00 4.03587000e+00 6.99552000e+00 2.12556000e+01
 2.82511000e+01 3.52466000e+01 4.25112000e+01 4.62780000e+01
 5.00448000e+01 5.43498000e+01 5.83857000e+01 0.00000000e+00
 1.34529000e+00 4.03587000e+00 6.99552000e+00 2.09865000e+01
 2.82511000e+01 3.52466000e+01 4.22422000e+01 4.62780000e+01
 5.03139000e+01 5.38117000e+01 0.00000000e+00 5.00927644e-01
 9.46196660e-01 1.50278293e+00 2.05936920e+00 2.44897959e+00
 2.89424861e+00 3.67346939e+00 4.11873840e+00 6.06679035e+00
 8.29313544e+00 9.96289425e+00 1.20222635e+01 1.39703154e+01
 1.79777365e+01 2.01484230e+01 2.21521336e+01 2.40445269e+01
 2.98886827e+01 0.00000000e+00 5.56586271e-01 9.46196660e-01
 1.39146568e+00 2.00371058e+00 2.61595547e+00 3.00556586e+00
 3.61781076e+00 4.11873840e+00 5.95547310e+00 8.12615955e+00
 9.85157699e+00 1.23562152e+01 1.40259740e+01 1.79220779e+01
 2.00371058e+01 2.19294991e+01 2.39888683e+01 2.98330241e+01
 0.00000000e+00 2.78293135e-01 1.39146568e+00 2.05936920e+00
 2.50463822e+00 3.00556586e+00 3.33951763e+00 3.78478664e+00
 6.06679035e+00 8.07050093e+00 1.02411874e+01 1.19666048e+01
 1.41372913e+01 1.78664193e+01 1.99257885e+01 2.18738404e+01
 2.38775510e+01 2.99443414e+01 0.00000000e+00 2.22634508e-01
 5.56586271e-01 1.00185529e+00 1.61410019e+00 2.33766234e+00
 2.72727273e+00 3.39517625e+00 4.23005566e+00 5.89981447e+00
 7.90352505e+00 9.90723562e+00 1.19109462e+01 1.39146568e+01
 1.80333952e+01 1.99257885e+01 2.18181818e+01 2.38218924e+01
 2.98886827e+01 0.00000000e+00 1.00766399e-01 9.44350592e-01
 2.10539353e+00 3.26732820e+00 5.17029720e+00 6.12088995e+00
 8.34102045e+00 1.05599620e+01 1.23585976e+01 1.40493329e+01
 1.53176817e+01 1.85951162e+01 2.12376333e+01 2.26112072e+01
 2.57768772e+01 2.81946763e+01 2.93509633e+01 2.98732246e+01
 3.14527899e+01 3.26135356e+01 3.36702452e+01 3.51517193e+01
 3.70552828e+01 4.00185283e+01 4.21346227e+01 4.76366465e+01
 0.00000000e+00 2.17276990e-01 9.78396986e-01 1.19437292e+00
 2.06510720e+00 3.04610631e+00 5.33857371e+00 6.53945193e+00
 7.95565554e+00 1.01394845e+01 1.15573144e+01 1.39587456e+01
 1.58150327e+01 1.91987640e+01 2.08354972e+01 2.29077603e+01
 2.59597214e+01 2.78046242e+01 2.87791180e+01 2.98655029e+01
 3.12800802e+01 3.24796574e+01 3.37898246e+01 3.49910281e+01
 3.69579053e+01 3.96901309e+01 4.18755862e+01 4.79957716e+01
 0.00000000e+00 4.41176471e-01 8.82352941e-01 1.65441176e+00
 2.42647059e+00 3.86029412e+00 5.51470588e+00 6.61764706e+00
 8.71323529e+00 1.09191176e+01 1.37867647e+01 1.51102941e+01
 1.65441176e+01 2.00735294e+01 2.18382353e+01 2.37132353e+01
 2.66911765e+01 2.86764706e+01 2.96691176e+01 3.05514706e+01
 3.20955882e+01 3.37500000e+01 3.58455882e+01 3.78308824e+01
 4.10294118e+01 4.26838235e+01 4.87500000e+01 0.00000000e+00
 1.15830116e-01 8.10810811e-01 1.27413127e+00 1.62162162e+00
 2.77992278e+00 3.93822394e+00 5.55984556e+00 6.25482625e+00
 8.80308880e+00 1.05405405e+01 1.26254826e+01 1.52895753e+01
 1.69111969e+01 1.98069498e+01 2.20077220e+01 2.40926641e+01
 2.69884170e+01 2.87258687e+01 3.02316602e+01 3.17374517e+01
 3.39382239e+01 3.55598456e+01 3.69498069e+01 4.04247104e+01
 4.26254826e+01 4.87644788e+01 0.00000000e+00 3.20820128e-01
 6.34775346e-01 1.43110491e+00 2.87227835e+00 4.15327056e+00
 5.59718996e+00 6.71891626e+00 7.75940779e+00 9.76281736e+00
 1.23289207e+01 1.38508713e+01 1.57757920e+01 1.89041315e+01
 2.09860299e+01 2.29880665e+01 2.59434103e+01 2.81644375e+01
 2.92747223e+01 3.01486253e+01 3.15774419e+01 3.27776570e+01
 3.45410236e+01 3.64677750e+01 3.82348028e+01 4.03226508e+01
 4.20093592e+01 0.00000000e+00 3.18989485e-01 3.90155719e-01
 8.62461528e-01 2.29585474e+00 3.17341907e+00 5.01252846e+00
 6.21365888e+00 7.97427947e+00 1.02953055e+01 1.18966602e+01
 1.38973238e+01 1.58194986e+01 1.89450922e+01 2.09425521e+01
 2.26223956e+01 2.57397513e+01 2.78923582e+01 2.93294127e+01
 3.06888937e+01 3.23737715e+01 3.45405659e+01 3.63071361e+01
 3.82338875e+01 4.00803194e+01 4.18468896e+01 0.00000000e+00
 2.39585359e-01 5.50336953e-01 1.07367193e+00 1.38579650e+00
 2.09768767e+00 3.12673768e+00 4.32374916e+00 5.83929246e+00
 6.95827279e+00 8.71706273e+00 1.06396952e+01 1.26408165e+01
 1.48044073e+01 1.64883697e+01 1.98572099e+01 2.17816730e+01
 2.33848583e+01 2.65127401e+01 2.84399492e+01 3.06875207e+01
 3.25334950e+01 3.46213430e+01 3.66284139e+01 3.86350271e+01
 4.02409583e+01 4.22489445e+01 0.00000000e+00 4.15511493e-01
 8.66350822e-01 2.05696906e+00 4.93256127e+00 6.68608528e+00
 8.78563491e+00 1.30710651e+01 1.60823536e+01 2.18443002e+01
 2.98620811e+01 0.00000000e+00 4.11300228e-01 8.05755396e-01
 1.36211031e+00 2.20342750e+00 5.14990934e+00 7.18512020e+00
 9.00859800e+00 1.28001404e+01 1.58874656e+01 2.19325028e+01
 2.98765865e+01 0.00000000e+00 2.63632267e-01 7.90896800e-01
 1.31590807e+00 5.11341445e+00 9.04761905e+00 1.58727655e+01
 2.21954334e+01 3.01562265e+01 0.00000000e+00 6.39176806e-01
 9.09568875e-01 2.05798408e+00 4.96770317e+00 6.99939913e+00
 9.52531170e+00 1.33190626e+01 1.58502328e+01 2.17898453e+01
 3.01291873e+01 0.00000000e+00 2.92592593e-01 8.38518519e-01
 2.58518519e+00 5.92962963e+00 7.93777778e+00 1.28792593e+01
 1.56829630e+01 2.18481481e+01 3.01281481e+01 0.00000000e+00
 2.80740741e-01 6.97037037e-01 1.91333333e+00 5.51925926e+00
 7.52370370e+00 9.40000000e+00 1.31392593e+01 1.63429630e+01
 2.23562963e+01 2.99666667e+01 0.00000000e+00 4.26556000e-01
 1.07198000e+00 1.71475000e+00 2.99015000e+00 3.84167000e+00
 5.11495000e+00 5.96806000e+00 8.09179000e+00 8.94170000e+00
 1.14941000e+01 1.31908000e+01 1.46765000e+01 1.65856000e+01
 1.82833000e+01 2.16692000e+01 2.29408000e+01 2.65370000e+01
 3.01358000e+01 3.39456000e+01 3.86079000e+01 4.30540000e+01
 6.48424000e+01 9.31948000e+01 0.00000000e+00 4.27621000e-01
 1.07358000e+00 2.56306000e+00 3.83847000e+00 5.96167000e+00
 8.08433000e+00 1.10527000e+01 1.33857000e+01 1.48709000e+01
 1.65675000e+01 1.86854000e+01 2.16463000e+01 2.31294000e+01
 2.67293000e+01 3.01183000e+01 3.37176000e+01 3.87980000e+01
 4.30316000e+01 6.50373000e+01 9.29621000e+01 0.00000000e+00
 6.39035000e-01 1.70569000e+00 4.03711000e+00 5.31251000e+00
 5.95208000e+00 6.59165000e+00 9.13608000e+00 1.18914000e+01
 1.31636000e+01 1.46472000e+01 1.69781000e+01 1.86731000e+01
 2.10003000e+01 2.33280000e+01 2.69247000e+01 3.05209000e+01
 3.43285000e+01 3.81366000e+01 4.27903000e+01 6.43690000e+01
 9.31346000e+01 0.00000000e+00 4.27089000e-01 1.49428000e+00
 2.98057000e+00 4.25651000e+00 5.32317000e+00 7.23335000e+00
 8.08327000e+00 1.29575000e+01 1.44427000e+01 1.80421000e+01
 2.07947000e+01 2.27001000e+01 2.62968000e+01 3.03164000e+01
 3.39152000e+01 3.79374000e+01 4.32260000e+01 6.45905000e+01
 9.31533000e+01 0.00000000e+00 4.41467000e-01 8.81336000e-01
 8.91987000e-01 2.16793000e+00 3.01785000e+00 3.86776000e+00
 5.56387000e+00 6.83502000e+00 9.37572000e+00 1.17045000e+01
 1.40348000e+01 1.65745000e+01 1.78445000e+01 2.03836000e+01
 2.29211000e+01 2.67293000e+01 3.05347000e+01 3.43407000e+01
 3.85716000e+01 4.32217000e+01 6.52104000e+01 9.26948000e+01
 0.00000000e+00 4.27621000e-01 6.51284000e-01 8.72816000e-01
 8.84532000e-01 3.84912000e+00 6.38769000e+00 9.13767000e+00
 1.16762000e+01 1.44278000e+01 1.61202000e+01 1.92914000e+01
 2.45773000e+01 2.79605000e+01 3.09213000e+01 3.38811000e+01
 3.87437000e+01 4.25502000e+01 6.41166000e+01 9.28678000e+01
 0.00000000e+00 4.16666667e-02 1.66666667e-01 1.00000000e+00
 2.00000000e+00 3.00000000e+00 4.00000000e+00 5.00000000e+00
 6.00000000e+00 7.00000000e+00 8.00000000e+00 9.00000000e+00
 1.00000000e+01 1.10000000e+01 1.20000000e+01 1.30000000e+01
 1.40000000e+01 1.50000000e+01 1.60000000e+01 1.70000000e+01
 1.80000000e+01 1.90000000e+01 2.00000000e+01 2.10000000e+01
 2.20000000e+01 2.30000000e+01 2.40000000e+01 2.60000000e+01
 2.80000000e+01 3.00000000e+01 3.30000000e+01 3.50000000e+01
 3.80000000e+01 4.00000000e+01 4.20000000e+01 4.50000000e+01
 4.80000000e+01 5.00000000e+01 5.20000000e+01 5.60000000e+01
 5.80000000e+01 6.10000000e+01 6.30000000e+01 6.50000000e+01
 0.00000000e+00 4.16666667e-02 1.66666667e-01 1.00000000e+00
 2.00000000e+00 3.00000000e+00 4.00000000e+00 5.00000000e+00
 6.00000000e+00 7.00000000e+00 8.00000000e+00 9.00000000e+00
 1.00000000e+01 1.10000000e+01 1.20000000e+01 1.30000000e+01
 1.40000000e+01 1.50000000e+01 1.60000000e+01 1.70000000e+01
 1.80000000e+01 1.90000000e+01 2.00000000e+01 2.10000000e+01
 2.20000000e+01 2.30000000e+01 2.40000000e+01 2.60000000e+01
 2.80000000e+01 3.00000000e+01 3.30000000e+01 3.50000000e+01
 3.80000000e+01 4.00000000e+01 4.20000000e+01 4.50000000e+01
 4.80000000e+01 5.00000000e+01 5.20000000e+01 5.60000000e+01
 5.80000000e+01 6.10000000e+01 6.30000000e+01 6.50000000e+01
 0.00000000e+00 9.76862000e-02 9.81872000e-01 6.99250000e+00
 1.39783000e+01 2.09867000e+01 2.80756000e+01 3.51512000e+01
 0.00000000e+00 9.72688000e-02 1.08624000e+00 7.00460000e+00
 1.40004000e+01 2.10906000e+01 2.80819000e+01 3.51537000e+01
 0.00000000e+00 9.72688000e-02 9.03389000e-01 6.92069000e+00
 1.41023000e+01 2.10956000e+01 2.79863000e+01 3.50581000e+01]","[0.         0.0168018  0.414559   0.526319   0.671316   0.799449
 0.916409   0.949258   0.982087   0.         0.246337   0.380507
 0.676923   0.967691   1.00611    1.05017    1.0662     0.
 0.0168018  0.414538   0.526299   0.671275   0.743396   1.00052
 0.         0.0168018  0.532314   0.728164   0.884396   0.978906
 1.00611    1.02213    0.         0.271972   0.318281   0.36459
 0.46192    0.642178   0.785344   0.896169   0.956447   0.984632
 0.989631   0.994548   1.00399    1.0043     0.         0.206422
 0.224771   0.256881   0.330275   0.385321   0.545872   0.697248
 0.825688   0.93578    0.954128   0.977064   0.         0.123853
 0.215596   0.247706   0.266055   0.362385   0.417431   0.536697
 0.715596   0.87156    0.944954   0.986239   1.00917    0.
 0.110092   0.142202   0.165138   0.243119   0.293578   0.472477
 0.669725   0.798165   0.876147   0.922018   0.949541   0.
 0.0688073  0.0963303  0.123853   0.201835   0.256881   0.46789
 0.674312   0.821101   0.926606   0.96789    0.         0.11460674
 0.25393258 0.31235955 0.43820225 0.46516854 0.47865169 0.4988764
 0.51235955 0.53932584 0.57078652 0.60674157 0.6247191  0.67865169
 0.73707865 0.78876404 0.86292135 0.88764045 0.9011236  0.
 0.06292135 0.14157303 0.20224719 0.24719101 0.29438202 0.3258427
 0.34157303 0.37078652 0.39550562 0.4247191  0.46292135 0.49213483
 0.52359551 0.56404494 0.62022472 0.6741573  0.68539326 0.71011236
 0.         0.02022472 0.07865169 0.11011236 0.15280899 0.21348315
 0.25168539 0.26966292 0.31685393 0.34157303 0.3752809  0.4
 0.41573034 0.46067416 0.48539326 0.50561798 0.52134831 0.53707865
 0.         0.00449438 0.02247191 0.05617978 0.07865169 0.13033708
 0.18426966 0.22247191 0.24269663 0.26292135 0.28089888 0.29662921
 0.30786517 0.31910112 0.33258427 0.34831461 0.35505618 0.36404494
 0.36853933 0.         0.05730903 0.09106429 0.12483738 0.14849816
 0.16882979 0.18910792 0.21282815 0.25003146 0.25350329 0.28056457
 0.29748976 0.33138175 0.36523807 0.38891074 0.49021218 0.67237049
 0.7600759  0.83763333 0.92536252 0.96250638 0.97941968 0.97950291
 0.99309299 0.98988868 0.99337835 1.00042903 0.         0.01429214
 0.05719459 0.08577887 0.12511642 0.15374624 0.18245412 0.19681132
 0.24689562 0.26845418 0.30068143 0.33296723 0.35093487 0.39756485
 0.4262337  0.47278562 0.562253   0.70521996 0.80527797 0.8767712
 0.94471255 0.97335538 0.98771908 0.99850487 1.00219337 1.002356
 1.00605752 1.00642181 0.         0.02138462 0.09618825 0.13540321
 0.18530066 0.23523739 0.28518721 0.30661765 0.36371531 0.42081951
 0.46015884 0.4958457  0.51729578 0.57803936 0.63155655 0.67083697
 0.76003447 0.86697722 0.90620527 0.93830511 0.96332257 0.97410325
 0.98491011 0.98858876 0.99590024 0.99955926 1.01060176 0.
 0.01917673 0.27609015 0.33362774 0.38732407 0.50241405 0.55232832
 0.61760766 0.63298753 0.70982767 0.74827735 0.79441696 0.82909199
 0.84836493 0.89455635 0.91386631 0.93700273 0.96402482 0.97563744
 0.99106912 0.9949992  1.00280755 1.0105789  1.01066772 1.01472362
 1.01486425 1.01525652 0.         0.0028947  0.04852347 0.09137195
 0.12006728 0.14589078 0.15749248 0.17474628 0.19768653 0.22646194
 0.25246851 0.27832633 0.29569456 0.32178122 0.36196382 0.39928605
 0.50227114 0.6763767  0.76485395 0.8248075  0.93042414 0.95908514
 0.98212835 0.98810082 0.98835254 0.99149895 0.99173922 0.
 0.01429045 0.07128065 0.13117699 0.20830425 0.2454663  0.29701033
 0.31997346 0.3601103  0.41172298 0.44329012 0.48915916 0.52362101
 0.5668013  0.6326129  0.67558724 0.7700484  0.87007014 0.9244059
 0.96163659 0.97327262 0.98497729 0.98807794 0.99405041 1.00001144
 1.00311209 0.         0.00858114 0.07415247 0.31639226 0.37341678
 0.44189426 0.53605794 0.5846615  0.65040446 0.68475189 0.73628448
 0.76789739 0.8109175  0.84256473 0.85989863 0.88886855 0.90908571
 0.9292571  0.9581927  0.96131623 0.97018341 0.97899338 0.98213979
 0.98812371 0.99695656 1.00003432 1.00032036 0.         0.03490788
 0.24423642 0.27686378 0.3351705  0.37015617 0.43539451 0.48680646
 0.57070246 0.63382816 0.6854571  0.         0.05583787 0.19539568
 0.23031175 0.24896532 0.30495058 0.33995262 0.37726794 0.43330233
 0.48929578 0.54546119 0.61336492 0.         0.0625     0.1875
 0.3        0.36666667 0.49166667 0.55416667 0.62916667 0.69166667
 0.         0.04583333 0.14583333 0.21666667 0.25833333 0.32916667
 0.34166667 0.3875     0.42916667 0.47916667 0.54166667 0.
 0.13611111 0.20222222 0.27222222 0.33055556 0.37333333 0.41611111
 0.43555556 0.60277778 0.67277778 0.         0.07388889 0.15944444
 0.245      0.27611111 0.29944444 0.35       0.38111111 0.40055556
 0.47055556 0.525      0.         0.0105665  0.042285   0.0664469
 0.0860557  0.102655   0.116218   0.137351   0.164491   0.176556
 0.220307   0.23537    0.251949   0.270028   0.288112   0.297078
 0.306108   0.312044   0.325537   0.337513   0.36911    0.387112
 0.422725   0.486856   0.         0.0135891  0.0468189  0.0739779
 0.0935867  0.119215   0.143332   0.167424   0.188512   0.203581
 0.218643   0.229158   0.232091   0.241114   0.25763    0.275664
 0.290668   0.308651   0.323636   0.375868   0.426409   0.
 0.0135827  0.0407545  0.0573087  0.0769175  0.0920115  0.107106
 0.128187   0.147751   0.158292   0.168827   0.18387    0.194398
 0.198861   0.204836   0.212284   0.218221   0.224151   0.231593
 0.239009   0.279163   0.316077   0.         0.0120778  0.0407609
 0.058852   0.0799721  0.107144   0.128245   0.14031    0.173412
 0.18848    0.203485   0.215492   0.222991   0.230439   0.237875
 0.251368   0.26636    0.275268   0.307871   0.368973   0.
 0.0528834  0.101233   0.131459   0.152579   0.164644   0.176709
 0.19026    0.197778   0.208281   0.217278   0.23081    0.23829
 0.242786   0.248754   0.250189   0.25763    0.257515   0.258912
 0.26634    0.263177   0.267047   0.267727   0.         0.0135891
 0.048343   0.0770517  0.110301   0.123813   0.12827    0.132721
 0.137179   0.146163   0.149135   0.149039   0.150391   0.1518
 0.154733   0.154643   0.154496   0.157404   0.162797   0.158906
 0.         0.02023468 0.02272075 0.02782526 0.03327947 0.03784865
 0.04031876 0.04301037 0.04505994 0.04569561 0.046303   0.04720717
 0.05140104 0.05310441 0.05371612 0.05431692 0.05610697 0.06030083
 0.06268788 0.06509047 0.06927726 0.09131153 0.10590229 0.13399817
 0.13668978 0.16915759 0.19062075 0.20627038 0.25426756 0.3094715
 0.36662536 0.43597483 0.51972393 0.55075832 0.57918256 0.64813889
 0.69509682 0.73708232 0.76242046 0.81535362 0.87946251 0.88392458
 0.90366566 0.90494445 0.         0.01069014 0.01242826 0.0147495
 0.01670132 0.01788359 0.01905047 0.02173796 0.02407811 0.02564923
 0.02682389 0.02799062 0.03336558 0.0344614  0.03523451 0.0360044
 0.03677426 0.04214923 0.04409503 0.04563881 0.04717856 0.05712648
 0.06150853 0.07069825 0.07414789 0.08934969 0.11632925 0.13111858
 0.15956618 0.20114546 0.24492595 0.28971694 0.33770002 0.37286677
 0.50659619 0.67598471 0.74037914 0.85588955 0.91678353 0.93178381
 0.95156818 0.95237758 0.97520152 0.97641328 0.         0.00861016
 0.137825   0.197522   0.32608    0.687394   0.880595   0.935867
 0.         0.00429986 0.2154     0.322521   0.554526   0.760658
 0.94525    0.961729   0.         0.00429986 0.327489   0.456151
 0.606239   0.812382   0.958191   0.97467   ]","[ 4.23181057e-03  8.94076824e-02  4.00101364e-01  5.75923264e-01
  6.56379342e-01  7.77960062e-01  8.11424673e-01  8.17943275e-01
  8.61270428e-01 -1.87920332e-02  2.17050672e-01  3.53160203e-01
  4.77993906e-01  5.64204335e-01  6.21910095e-01  6.85981274e-01
  6.77354753e-01  4.65732813e-03  8.98332000e-02  4.54765618e-01
  5.92744470e-01  6.59825444e-01  7.66967952e-01  7.92265296e-01
  4.40458655e-02  1.24099910e-01  4.66485143e-01  6.46499991e-01
  6.94054246e-01  8.19845557e-01  8.48516762e-01  8.84505808e-01
 -4.79362607e-02  1.67968094e-01  3.19206774e-01  4.15518522e-01
  6.22698069e-01  7.28907824e-01  7.16926515e-01  7.02005386e-01
  7.02156007e-01  6.98315680e-01  6.98198318e-01  7.29476154e-01
  7.31515825e-01  7.46207237e-01 -2.48668790e-02  1.40993118e-01
  3.01334381e-01  3.12902510e-01  6.75217807e-01  6.36793792e-01
  6.34049475e-01  6.56254709e-01  6.75996602e-01  6.87729061e-01
  7.00070441e-01  7.27730989e-01 -3.31413150e-02  2.66610384e-02
  1.65101409e-01  3.48459780e-01  4.21084583e-01  6.63336039e-01
  6.13743722e-01  6.22058034e-01  6.45941913e-01  6.65683806e-01
  6.78650677e-01  7.00849056e-01  7.28509605e-01 -1.88370347e-02
  1.07051373e-01  2.26027012e-01  2.62029529e-01  6.89021409e-01
  6.53456509e-01  6.59344614e-01  6.76520705e-01  7.01707363e-01
  7.05911934e-01  7.09569514e-01  7.41809428e-01 -3.20830941e-02
  8.82923007e-02  1.85485423e-01  2.33446300e-01  6.36260509e-01
  5.83887935e-01  5.80543876e-01  6.02115810e-01  6.45554662e-01
  6.47727728e-01  6.82758749e-01  1.09279871e-01  2.90468216e-01
  3.40031803e-01  4.56543565e-01  5.21334589e-01  6.18871570e-01
  6.49946094e-01  6.73180044e-01  6.63426936e-01  7.49643505e-01
  7.49653578e-01  7.76234746e-01  7.39505470e-01  7.49203503e-01
  7.12445140e-01  6.82525396e-01  6.92711353e-01  6.97510004e-01
  7.37318456e-01 -3.09431553e-03  8.99179578e-02  1.37750745e-01
  2.19839036e-01  2.52880752e-01  3.12637746e-01  2.70793319e-01
  3.56465995e-01  3.61725271e-01  4.02944982e-01  4.65931654e-01
  5.10529935e-01  4.88776326e-01  5.06779671e-01  5.47819734e-01
  5.17427206e-01  5.86468995e-01  5.85807800e-01  6.62233472e-01
 -2.79650092e-02  7.12007284e-03  7.45092034e-02  9.09978747e-02
  1.04616404e-01  6.73170090e-02  9.79865789e-02  1.09547555e-01
  1.15500867e-01  1.29892766e-01  1.60453081e-01  2.67163754e-01
  2.82309771e-01  2.95511305e-01  2.66170919e-01  3.41823697e-01
  3.65732670e-01  4.12380934e-01 -3.66572142e-02 -3.81040573e-03
 -3.57407331e-03  3.67305875e-02  6.92715645e-02  9.04780626e-02
  9.80923176e-02  1.14260375e-01  1.12875164e-01  1.25620067e-01
  1.29509091e-01  2.13613093e-01  2.78689504e-01  2.91749477e-01
  3.40921760e-01  3.08911860e-01  3.89784276e-01  4.14217412e-01
  4.43760931e-01 -1.95950270e-03  3.51561308e-02  6.74965978e-02
  1.40252590e-01  1.72624409e-01  2.39186049e-01  2.35930562e-01
  3.36081743e-01  4.69273269e-01  5.37282586e-01  5.47471881e-01
  6.56431079e-01  7.35517681e-01  7.53124535e-01  7.58233428e-01
  7.65308976e-01  7.68453300e-01  7.57283628e-01  7.57283628e-01
  7.61087656e-01  7.60466397e-01  7.59992123e-01  7.40006208e-01
  7.39043117e-01  7.41601408e-01  7.28169262e-01  7.45652854e-01
  2.73114443e-03  3.35127115e-02  5.84250093e-02  8.03004503e-02
  1.28201306e-01  1.45421922e-01  2.22150087e-01  2.24262059e-01
  2.69257069e-01  4.54966009e-01  4.83715594e-01  5.60593069e-01
  6.69934809e-01  7.68967330e-01  7.71060467e-01  7.96363652e-01
  8.04214776e-01  8.04214776e-01  8.05360079e-01  7.97049344e-01
  7.99250245e-01  7.95964122e-01  7.95489848e-01  7.76381075e-01
  7.75417984e-01  7.78887153e-01  7.86842227e-01  7.81220913e-01
  8.52018595e-03  7.08305836e-02  7.16149807e-02  1.34720743e-01
  1.64795041e-01  2.02504396e-01  2.55937636e-01  2.51607418e-01
  3.68399918e-01  4.77041185e-01  5.75436831e-01  6.53051317e-01
  7.25770235e-01  7.63848901e-01  8.19477320e-01  8.04280818e-01
  8.04510057e-01  8.05655360e-01  7.97344625e-01  8.01964521e-01
  7.95497537e-01  7.95023263e-01  7.75914490e-01  7.74951398e-01
  7.81031072e-01  7.69032359e-01  7.80754328e-01  1.63100958e-02
  1.25863671e-01  3.29556346e-01  4.90567267e-01  4.87437725e-01
  6.22560382e-01  6.53242409e-01  7.35181749e-01  7.41434157e-01
  7.35933304e-01  7.71429777e-01  7.44897544e-01  7.81954229e-01
  7.82679319e-01  7.87273943e-01  7.90603459e-01  8.06514800e-01
  8.24968040e-01  8.23921621e-01  8.89229834e-01  8.86210382e-01
  8.94874692e-01  8.91569853e-01  9.00644898e-01  9.06523049e-01
  9.15503919e-01  9.19042230e-01 -8.94725323e-04  2.46221423e-02
  4.55012918e-02  8.73391628e-02  1.58458054e-01  2.55493939e-01
  2.69985974e-01  2.69271791e-01  3.19909334e-01  4.50233519e-01
  5.72687209e-01  5.93433142e-01  6.92869544e-01  7.66196966e-01
  7.82494664e-01  8.28732312e-01  8.32129300e-01  8.31292868e-01
  8.17476392e-01  8.21976602e-01  8.21777105e-01  8.18490982e-01
  8.32586229e-01  8.09991658e-01  8.13460827e-01  8.17386568e-01
  8.01343918e-01 -1.32604241e-02  4.73471880e-02  5.49435019e-02
  1.15930200e-01  2.37996638e-01  2.95835137e-01  3.66191447e-01
  3.79371345e-01  4.29335654e-01  5.30601919e-01  5.62122941e-01
  5.94605267e-01  6.89060569e-01  7.74461150e-01  7.71787763e-01
  7.94205070e-01  7.95050025e-01  7.90070534e-01  8.13824892e-01
  8.19176018e-01  8.12709033e-01  8.25439990e-01  8.02931368e-01
  8.19215596e-01  8.21826100e-01  8.27170670e-01 -5.25826216e-03
  9.27579403e-02  1.71940386e-01  3.03034127e-01  3.75861228e-01
  4.77859139e-01  5.69646657e-01  6.14751458e-01  6.80821300e-01
  6.87861562e-01  7.25932240e-01  7.49124467e-01  7.17409313e-01
  7.79036999e-01  8.09351981e-01  8.07870030e-01  8.27320039e-01
  8.30811858e-01  8.32539737e-01  8.40778112e-01  8.53710115e-01
  8.54746044e-01  8.50292981e-01  8.47396255e-01  8.51686060e-01
  8.50911558e-01  8.55672657e-01 -6.30927086e-03  1.04467273e-01
  2.00013936e-01  2.79638648e-01  3.27669024e-01  3.50003898e-01
  4.06750560e-01  4.82853055e-01  5.35841405e-01  5.39097071e-01
  6.03174329e-01 -2.20889449e-02  1.20967984e-01  1.90673292e-01
  3.27195585e-01  4.38571632e-01  5.36064386e-01  5.36001325e-01
  5.63927710e-01  5.16394973e-01  5.27792871e-01  5.30497611e-01
  5.80322206e-01  7.52986670e-02  1.97324872e-01  3.26556623e-01
  4.29553986e-01  6.25226378e-01  6.60606980e-01  6.92248225e-01
  7.08385527e-01  7.70345211e-01 -3.15023661e-02  5.95327616e-02
  9.63374972e-02  1.38686240e-01  1.89042091e-01  2.63683796e-01
  3.18399787e-01  3.61443102e-01  3.95338893e-01  4.25299406e-01
  4.94189024e-01  6.26730919e-03  8.50356817e-02  1.84337497e-01
  2.68943608e-01  3.59608054e-01  4.29487526e-01  4.93786752e-01
  4.89234805e-01  5.55422366e-01  6.37953401e-01 -2.05867290e-02
  6.51681423e-02  1.16104066e-01  1.77071154e-01  2.77078807e-01
  3.09392929e-01  3.18008006e-01  3.64785254e-01  3.78427923e-01
  4.58017051e-01  5.65521538e-01 -7.35656619e-02 -3.60251665e-02
 -4.39876318e-03  2.22457051e-02  3.96092534e-02  4.67795134e-02
  5.27797341e-02  5.39401174e-02  7.71511793e-02  9.63855982e-02
  1.69938505e-01  1.98844671e-01  1.38351321e-01  1.84810460e-01
  1.84708953e-01  2.04040289e-01  2.00000048e-01  2.38417089e-01
  2.91301072e-01  3.11613023e-01  4.19711173e-01  4.83341753e-01
  6.70699835e-01  7.60811329e-01 -7.73333907e-02 -3.13405395e-02
  1.37726665e-02  7.91847706e-02  7.36548305e-02  8.50656033e-02
  9.88363624e-02  1.90870702e-01  2.21452773e-01  1.65940344e-01
  1.90406978e-01  1.86163902e-01  2.06056178e-01  2.05419004e-01
  2.38313258e-01  2.67350376e-01  2.87662327e-01  3.87968898e-01
  4.41588879e-01  6.67020619e-01  7.28189170e-01 -6.62295818e-02
 -2.85192728e-02  2.70287395e-02  3.01141739e-02  3.16536427e-02
  5.07737398e-02  2.11963654e-02 -3.49213779e-02  3.79433930e-02
  4.10936177e-02 -4.30448353e-02  1.49706304e-02  1.29549205e-02
  4.45738435e-03  3.92460525e-02  5.03005683e-02  1.12261325e-01
  1.57743543e-01  2.59912699e-01  3.44072908e-01  6.77629411e-01
  8.43703985e-01 -6.62736297e-02 -2.39134431e-02  4.03827429e-02
  3.78322601e-02  4.75994945e-02  4.90610003e-02  6.71622157e-02
  8.06910992e-02  1.73230588e-01  1.16613805e-01  1.82243347e-01
  1.64899588e-01  1.87704742e-01  2.08261967e-01  2.60326862e-01
  2.81610191e-01  3.39222670e-01  4.35872734e-01  6.48409128e-01
  7.78941572e-01 -4.45231199e-02  3.34160924e-02  8.58023763e-02
  8.58023763e-02  1.69919014e-01  1.47508800e-01  1.94526911e-01
  2.79158473e-01  2.55732536e-01  3.25942457e-01  3.64157975e-01
  3.59433055e-01  3.58193278e-01  3.65164459e-01  3.48817289e-01
  3.81852210e-01  3.98614347e-01  4.44126070e-01  4.49337542e-01
  5.30800879e-01  5.81158459e-01  7.11417735e-01  7.57887900e-01
 -4.63477373e-02  2.39251256e-02  4.04172540e-02  6.87051415e-02
  6.87051415e-02  2.35003293e-01  3.13521564e-01  3.55759323e-01
  4.59686995e-01  5.01276791e-01  5.03143311e-01  4.16724682e-01
  4.49645579e-01  4.51818585e-01  4.20990229e-01  4.05030072e-01
  5.25619924e-01  6.05265975e-01  7.66852260e-01  7.56685317e-01
 -6.57886267e-03  7.28189945e-04  6.12568855e-03  2.73901820e-02
  5.31235337e-02  4.38164175e-02  5.88583648e-02  5.95229566e-02
  6.42190874e-02  1.08502716e-01  1.35162324e-01  1.32274777e-01
  2.30653584e-01  2.14029968e-01  2.27677763e-01  2.22807765e-01
  2.15386569e-01  2.29306161e-01  2.29101539e-01  2.35303819e-01
  2.39301264e-01  2.52283871e-01  2.51939774e-01  2.51762867e-01
  2.54523516e-01  2.66184151e-01  2.74852276e-01  2.88728356e-01
  3.03270638e-01  3.17234993e-01  4.01866019e-01  5.20951569e-01
  5.55104077e-01  5.50501406e-01  5.57289898e-01  5.78692615e-01
  6.13650203e-01  6.03945851e-01  6.05695367e-01  7.13215292e-01
  7.12452114e-01  7.53006876e-01  7.77484417e-01  7.94972777e-01
  3.05515528e-03  5.82557917e-03  6.61551952e-04  1.76064372e-02
  1.85673237e-02  1.12130940e-02  1.90986097e-02  1.97632015e-02
  2.44593322e-02  1.40553713e-03  1.51166320e-02  7.45719671e-03
  3.97664607e-02  2.33943164e-02  3.17983925e-02  2.69283950e-02
  2.06755698e-02  2.49660313e-02  4.36060727e-02  5.72569072e-02
  6.12543523e-02  8.09577405e-02  8.52150619e-02  8.19861591e-02
  8.47468078e-02  9.64074433e-02  1.22406930e-01  1.35139734e-01
  1.58080965e-01  1.61042780e-01  2.54326671e-01  3.80593687e-01
  4.14316803e-01  4.09714133e-01  4.35197681e-01  4.63073343e-01
  4.98030901e-01  5.72923660e-01  5.72022200e-01  6.86717987e-01
  7.34028816e-01  7.59282768e-01  7.92852044e-01  8.12516034e-01
  1.64347291e-02  1.66047215e-02  6.88313246e-02  3.03528249e-01
  8.12162876e-01  9.34991539e-01  8.82607162e-01  8.62307608e-01
 -5.13744354e-03  4.70864773e-03  1.10964000e-01  3.36375058e-01
  6.21201873e-01  7.98712432e-01  8.23280752e-01  8.26970756e-01
 -3.80277634e-04  4.78929281e-02  1.60230279e-01  3.98427129e-01
  7.11116731e-01  7.94332802e-01  8.28815579e-01  8.28319252e-01]",0.013598416350833462
1,0.09443245479068274,0.11389654514369525,"{'subsample': 0.5, 'reg_lambda': 0.01, 'reg_alpha': 0.001, 'n_estimators': 400, 'min_child_weight': 1.0, 'max_depth': 9, 'max_delta_step': 1, 'learning_rate': 0.01, 'gamma': 0, 'booster': 'dart'}","['CAF-PLGA' 'CAF-PLGA' 'CAF-PLGA' 'CAF-PLGA' 'CAF-PLGA' 'CAF-PLGA'
 'CAF-PLGA' 'CAF-PLGA' 'CAF-PLGA' 'CAF-PLGA' 'CAF-PLGA' 'CAF-PLGA'
 'CAF-PLGA' 'CAF-PLGA' 'CAF-PLGA' 'CAF-PLGA' 'CAF-PLGA' 'CAF-PLGA'
 'CAF-PLGA' 'CAF-PLGA' 'CAF-PLGA' 'CAF-PLGA' 'CAF-PLGA' 'CAF-PLGA'
 'CAF-PLGA' 'CAF-PLGA' 'CAF-PLGA' 'CAF-PLGA' 'CAF-PLGA' 'CAF-PLGA'
 'CAF-PLGA' 'CAF-PLGA' 'CAF-PLGA' 'HPA-PLGA' 'HPA-PLGA' 'HPA-PLGA'
 'HPA-PLGA' 'HPA-PLGA' 'HPA-PLGA' 'HPA-PLGA' 'HPA-PLGA' 'HPA-PLGA'
 'HPA-PLGA' 'HPA-PLGA' 'HPA-PLGA' 'HPA-PLGA' 'HPA-PLGA' 'HPA-PLGA'
 'HPA-PLGA' 'HPA-PLGA' 'HPA-PLGA' 'HPA-PLGA' 'HPA-PLGA' 'HPA-PLGA'
 'HPA-PLGA' 'HPA-PLGA' 'HPA-PLGA' 'HPA-PLGA' 'HPA-PLGA' 'HPA-PLGA'
 'HPA-PLGA' 'HPA-PLGA' 'HPA-PLGA' 'HPA-PLGA' 'HPA-PLGA' 'PTX-PLA'
 'PTX-PLA' 'PTX-PLA' 'PTX-PLA' 'PTX-PLA' 'PTX-PLA' 'PTX-PLA' 'PTX-PLA'
 'PTX-PLA' 'PTX-PLA' 'PTX-PLA' 'PTX-PLA' 'PTX-PLA' 'PTX-PLGA-co-PALA'
 'PTX-PLGA-co-PALA' 'PTX-PLGA-co-PALA' 'PTX-PLGA-co-PALA'
 'PTX-PLGA-co-PALA' 'PTX-PLGA-co-PALA' 'PTX-PLGA-co-PALA'
 'PTX-PLGA-co-PALA' 'PTX-PLGA-co-PALA' 'PTX-PLGA-co-PALA'
 'PTX-PLGA-co-PALA' 'PTX-PLGA-co-PALA' 'PTX-PLGA-co-PALA'
 'PTX-PLGA-co-PALA' 'PTX-PLGA-co-PALA' 'PTX-PLGA-co-PALA'
 'PTX-PLGA-co-PALA' 'PTX-PLGA-co-PALA' 'PTX-PLGA-co-PALA'
 'PTX-PLGA-co-PALA' 'PTX-PLGA-co-PALA' 'PTX-PLGA-co-PALA'
 'PTX-PLGA-co-PALA' 'PTX-PLGA-co-PALA' 'PTX-PLGA-co-PALA'
 'PTX-PLGA-co-PALA' 'PTX-PLGA-co-PALA' 'PTX-PLGA-co-PALA'
 'PTX-PLGA-co-PALA' 'PTX-PLGA-co-PALA' 'PTX-PLGA-co-PALA'
 'PTX-PLGA-co-PALA' 'PTX-PLGA-co-PALA' 'PTX-PLGA-co-PALA'
 'PTX-PLGA-co-PALA' 'PTX-PLGA-co-PALA' 'PTX-PLGA-co-PALA'
 'PTX-PLGA-co-PALA' 'PTX-PLGA-co-PALA' 'PTX-PLGA-co-PALA'
 'PTX-PLGA-co-PALA' 'PTX-PLGA-co-PALA' 'PTX-PLGA-co-PALA'
 'PTX-PLGA-co-PALA' 'PTX-PLGA-co-PALA' 'PTX-PLGA-co-PALA'
 'PTX-PLGA-co-PALA' 'PTX-PLGA-co-PALA' 'PTX-PLGA-co-PALA'
 'PTX-PLGA-co-PALA' 'PTX-PLGA-co-PALA' 'PTX-PLGA-co-PALA'
 'PTX-PLGA-co-PALA' 'PTX-PLGA-co-PALA' 'PTX-PLGA-co-PALA'
 'PTX-PLGA-co-PALA' 'PTX-PLGA-co-PALA' 'PTX-PLGA-co-PALA'
 'PTX-PLGA-co-PALA' 'PTX-PLGA-co-PALA' 'PTX-PLGA-co-PALA'
 'PTX-PLGA-co-PALA' 'PTX-PLGA-co-PALA' 'PTX-PLGA-co-PALA'
 'PTX-PLGA-co-PALA' 'PTX-PLGA-co-PALA' 'PTX-PLGA-co-PALA'
 'PTX-PLGA-co-PALA' 'PTX-PLGA-co-PALA' 'PTX-PLGA-co-PALA'
 'PTX-PLGA-co-PALA' 'PTX-PLGA-co-PALA' 'PTX-PLGA-co-PALA'
 'PTX-PLGA-co-PALA' 'PTX-PLGA-co-PALA' 'PTX-PLGA-co-PALA'
 'PTX-PLGA-co-PALA' 'PTX-PLGA-co-PALA' 'PTX-PLGA-co-PALA'
 'PTX-PLGA-co-PALA' 'PTX-PLGA-co-PALA' 'PTX-PLGA-co-PALA'
 'PTX-PLGA-co-PALA' 'PTX-PLGA-co-PALA' 'PTX-PLGA-co-PALA'
 'PTX-PLGA-co-PALA' 'PTX-PLGA-co-PALA' 'PTX-PLGA-co-PALA'
 'PTX-PLGA-co-PALA' 'PTX-PLGA-co-PALA' 'PTX-PLGA-co-PALA'
 'PTX-PLGA-co-PALA' 'PTX-PLGA-co-PALA' 'PTX-PLGA-co-PALA'
 'PTX-PLGA-co-PALA' 'PTX-PLGA-co-PALA' 'PTX-PLGA-co-PALA'
 'PTX-PLGA-co-PALA' 'PTX-PLGA-co-PALA' 'PTX-PLGA-co-PALA'
 'PTX-PLGA-co-PALA' 'PTX-PLGA-co-PALA' 'PTX-PLGA-co-PALA'
 'PTX-PLGA-co-PALA' 'PTX-PLGA-co-PALA' 'PTX-PLGA-co-PALA'
 'TAA-PLA-co-PALA' 'TAA-PLA-co-PALA' 'TAA-PLA-co-PALA' 'TAA-PLA-co-PALA'
 'TAA-PLA-co-PALA' 'TAA-PLA-co-PALA' 'TAA-PLA-co-PALA' 'TAA-PLA-co-PALA'
 'TAA-PLA-co-PALA' 'TAA-PLA-co-PALA' 'TAA-PLA-co-PALA' 'TAA-PLA-co-PALA'
 'TAA-PLA-co-PALA' 'TAA-PLA-co-PALA' 'TAA-PLA-co-PALA' 'TAA-PLA-co-PALA'
 'TAA-PLA-co-PALA' 'TAA-PLA-co-PALA' 'TAA-PLA-co-PALA' 'TAA-PLA-co-PALA'
 'TAA-PLA-co-PALA' 'TAA-PLA-co-PALA' 'TAA-PLA-co-PALA' 'TAA-PLA-co-PALA'
 'TAA-PLA-co-PALA' 'TAA-PLA-co-PALA' 'TAA-PLA-co-PALA' 'TAA-PLA-co-PALA'
 'TAA-PLA-co-PALA' 'TAA-PLA-co-PALA' 'TAA-PLA-co-PALA' 'TAA-PLA-co-PALA'
 'TAA-PLA-co-PALA' 'TAA-PLA-co-PALA' 'TAA-PLA-co-PALA' 'TAA-PLA-co-PALA'
 'TAA-PLA-co-PALA' 'TAA-PLA-co-PALA' 'TAA-PLA-co-PALA' 'TAA-PLA-co-PALA'
 'TAA-PLA-co-PALA' 'TAA-PLA-co-PALA' 'TAA-PLA-co-PALA' 'TAA-PLA-co-PALA'
 'TAA-PLA-co-PALA' 'TAA-PLA-co-PALA' 'TAA-PLA-co-PALA' 'TAA-PLA-co-PALA'
 'TAA-PLA-co-PALA' 'TAA-PLA-co-PALA' 'TAA-PLA-co-PALA' 'TAA-PLA-co-PALA'
 'TAA-PLA-co-PALA' 'TAA-PLA-co-PALA' 'TAA-PLA-co-PALA' 'TAA-PLA-co-PALA'
 'TAA-PLA-co-PALA' 'TAA-PLA-co-PALA' 'TAA-PLA-co-PALA' 'TAA-PLA-co-PALA'
 'TAA-PLA-co-PALA' 'TAA-PLA-co-PALA' 'TAA-PLA-co-PALA' 'TAA-PLA-co-PALA'
 'TAA-PLA-co-PALA' 'TAA-PLA-co-PALA' 'TAA-PLA-co-PALA' 'TAA-PLA-co-PALA'
 'TAA-PLA-co-PALA' 'TAA-PLA-co-PALA' 'TAA-PLA-co-PALA' 'TAA-PLA-co-PALA'
 'TAA-PLA-co-PALA' 'TAA-PLA-co-PALA' 'TAA-PLA-co-PALA' 'TAA-PLA-co-PALA'
 'TAA-PLA-co-PALA' 'TAA-PLA-co-PALA' 'TAA-PLA-co-PALA' 'TAA-PLA-co-PALA'
 'TAA-PLA-co-PALA' 'TAA-PLA-co-PALA' 'TAA-PLA-co-PALA' 'TAA-PLA-co-PALA'
 'TAA-PLA-co-PALA' 'TAA-PLA-co-PALA' 'TAA-PLA-co-PALA' 'TAA-PLA-co-PALA'
 'TAA-PLA-co-PALA' 'TAA-PLA-co-PALA' 'TAA-PLA-co-PALA' 'TAA-PLA-co-PALA'
 'TAA-PLA-co-PALA' 'TAA-PLA-co-PALA' 'TAA-PLA-co-PALA' 'TAA-PLA-co-PALA'
 'TAA-PLA-co-PALA' 'TAA-PLA-co-PALA' 'TAA-PLA-co-PALA' 'TAA-PLA-co-PALA'
 'TAA-PLGA' 'TAA-PLGA' 'TAA-PLGA' 'TAA-PLGA' 'TAA-PLGA' 'TAA-PLGA'
 'TAA-PLGA' 'TAA-PLGA' 'TAA-PLGA' 'TAA-PLGA' 'TAA-PLGA' 'TAA-PLGA'
 'TAA-PLGA' 'TAA-PLGA' 'TAA-PLGA' 'TAA-PLGA' 'TAA-PLGA' 'TAA-PLGA'
 'TAA-PLGA' 'TAA-PLGA' 'TAA-PLGA' 'TAA-PLGA' 'TAA-PLGA' 'TAA-PLGA'
 'TAA-PLGA' 'TAA-PLGA' 'THC-PCL' 'THC-PCL' 'THC-PCL' 'THC-PCL' 'THC-PCL'
 'THC-PCL' 'THC-PCL' 'THC-PCL' 'THC-PCL' 'THC-PCL']","[  9   9   9   9   9   9   9   9   9   9   9   9   9   9   9   9  10  10
  10  10  10  10  10  10  10  10  10  10  10  10  10  10  10 102 102 102
 102 102 102 102 102 102 103 103 103 103 103 103 103 103 104 104 104 104
 104 104 104 105 105 105 105 105 105 105 105  45  45  45  45  45  45  45
  45  45  45  45  45  45 160 160 160 160 160 160 160 160 160 160 160 160
 160 160 160 160 160 160 160 160 160 160 160 160 160 160 160 160 160 160
 160 160 160 160 160 160 160 160 160 160 160 160 160 160 160 160 160 160
 160 160 160 160 160 161 161 161 161 161 161 161 161 161 161 161 161 161
 161 161 161 161 161 161 161 161 161 161 161 161 161 161 161 161 161 161
 161 161 161 161 161 161 161 161 161 161 161 161 161 161 161 161 161 161
 161 161 161 161 164 164 164 164 164 164 164 164 164 164 164 164 164 164
 164 164 164 164 164 164 164 164 164 164 164 164 164 164 164 164 164 164
 164 164 164 164 164 164 164 164 164 164 164 164 164 164 164 164 164 164
 165 165 165 165 165 165 165 165 165 165 165 165 165 165 165 165 165 165
 165 165 165 165 165 165 165 165 165 165 165 165 165 165 165 165 165 165
 165 165 165 165 165 165 165 165 165 165 165 165 165 165  34  34  34  34
  34  34  34  34  34  34  34  34  35  35  35  35  35  35  35  35  35  35
  35  35  35  35   7   7   7   7   7   7   7   7   7   7]","[0.00000000e+00 8.79120879e-02 1.31868132e-01 3.07692308e-01
 9.67032967e-01 1.23076923e+00 2.02197802e+00 3.03296703e+00
 4.00000000e+00 6.98901099e+00 8.00000000e+00 8.92307692e+00
 1.00219780e+01 1.39780220e+01 1.60000000e+01 1.70549451e+01
 0.00000000e+00 8.79120879e-02 2.19780220e-01 3.95604396e-01
 1.01098901e+00 1.97802198e+00 2.98901099e+00 4.00000000e+00
 6.94505495e+00 8.04395604e+00 9.01098901e+00 1.00219780e+01
 1.39340659e+01 1.50329670e+01 1.60439560e+01 1.71428571e+01
 1.80659341e+01 0.00000000e+00 5.16219000e-02 9.84860000e-01
 1.95687000e+00 3.94848000e+00 6.04119000e+00 8.03161000e+00
 1.00185000e+01 1.20562000e+01 0.00000000e+00 9.77723000e-01
 2.00160000e+00 3.94872000e+00 5.99742000e+00 8.08632000e+00
 1.00736000e+01 1.20598000e+01 0.00000000e+00 5.16219000e-02
 1.03577000e+00 2.00778000e+00 4.05030000e+00 5.98790000e+00
 8.03517000e+00 0.00000000e+00 5.16219000e-02 9.89856000e-01
 2.01635000e+00 3.95752000e+00 5.99789000e+00 8.08632000e+00
 1.00725000e+01 0.00000000e+00 2.76539744e-01 4.82657776e-01
 8.99105106e-01 1.03105808e+00 2.22214424e+00 5.10007604e+00
 6.92215008e+00 9.15739603e+00 1.30925893e+01 1.60395391e+01
 2.20150904e+01 3.01023571e+01 0.00000000e+00 4.16666667e-02
 1.66666667e-01 1.00000000e+00 2.00000000e+00 3.00000000e+00
 4.00000000e+00 5.00000000e+00 6.00000000e+00 7.00000000e+00
 8.00000000e+00 9.00000000e+00 1.00000000e+01 1.10000000e+01
 1.20000000e+01 1.30000000e+01 1.40000000e+01 1.50000000e+01
 1.60000000e+01 1.70000000e+01 1.80000000e+01 1.90000000e+01
 2.00000000e+01 2.10000000e+01 2.20000000e+01 2.30000000e+01
 2.40000000e+01 2.60000000e+01 2.80000000e+01 3.00000000e+01
 3.30000000e+01 3.50000000e+01 3.80000000e+01 4.00000000e+01
 4.20000000e+01 4.50000000e+01 4.80000000e+01 5.00000000e+01
 5.20000000e+01 5.60000000e+01 5.80000000e+01 6.10000000e+01
 6.30000000e+01 6.50000000e+01 6.80000000e+01 7.10000000e+01
 7.30000000e+01 7.60000000e+01 7.80000000e+01 8.00000000e+01
 8.30000000e+01 8.50000000e+01 8.70000000e+01 0.00000000e+00
 4.16666667e-02 1.66666667e-01 1.00000000e+00 2.00000000e+00
 3.00000000e+00 4.00000000e+00 5.00000000e+00 6.00000000e+00
 7.00000000e+00 8.00000000e+00 9.00000000e+00 1.00000000e+01
 1.10000000e+01 1.20000000e+01 1.30000000e+01 1.40000000e+01
 1.50000000e+01 1.60000000e+01 1.70000000e+01 1.80000000e+01
 1.90000000e+01 2.00000000e+01 2.10000000e+01 2.20000000e+01
 2.30000000e+01 2.40000000e+01 2.60000000e+01 2.80000000e+01
 3.00000000e+01 3.30000000e+01 3.50000000e+01 3.80000000e+01
 4.00000000e+01 4.20000000e+01 4.50000000e+01 4.80000000e+01
 5.00000000e+01 5.20000000e+01 5.60000000e+01 5.80000000e+01
 6.10000000e+01 6.30000000e+01 6.50000000e+01 6.80000000e+01
 7.10000000e+01 7.30000000e+01 7.60000000e+01 7.80000000e+01
 8.00000000e+01 8.30000000e+01 8.50000000e+01 8.70000000e+01
 0.00000000e+00 4.16666667e-02 1.66666667e-01 1.00000000e+00
 2.00000000e+00 3.00000000e+00 4.00000000e+00 5.00000000e+00
 6.00000000e+00 7.00000000e+00 8.00000000e+00 9.00000000e+00
 1.00000000e+01 1.10000000e+01 1.20000000e+01 1.30000000e+01
 1.40000000e+01 1.50000000e+01 1.60000000e+01 1.70000000e+01
 1.80000000e+01 1.90000000e+01 2.00000000e+01 2.10000000e+01
 2.20000000e+01 2.30000000e+01 2.40000000e+01 2.60000000e+01
 2.80000000e+01 3.00000000e+01 3.30000000e+01 3.50000000e+01
 3.80000000e+01 4.00000000e+01 4.20000000e+01 4.50000000e+01
 4.80000000e+01 5.00000000e+01 5.20000000e+01 5.60000000e+01
 5.80000000e+01 6.10000000e+01 6.30000000e+01 6.50000000e+01
 6.80000000e+01 7.10000000e+01 7.30000000e+01 7.60000000e+01
 7.80000000e+01 8.00000000e+01 0.00000000e+00 4.16666667e-02
 1.66666667e-01 1.00000000e+00 2.00000000e+00 3.00000000e+00
 4.00000000e+00 5.00000000e+00 6.00000000e+00 7.00000000e+00
 8.00000000e+00 9.00000000e+00 1.00000000e+01 1.10000000e+01
 1.20000000e+01 1.30000000e+01 1.40000000e+01 1.50000000e+01
 1.60000000e+01 1.70000000e+01 1.80000000e+01 1.90000000e+01
 2.00000000e+01 2.10000000e+01 2.20000000e+01 2.30000000e+01
 2.40000000e+01 2.60000000e+01 2.80000000e+01 3.00000000e+01
 3.30000000e+01 3.50000000e+01 3.80000000e+01 4.00000000e+01
 4.20000000e+01 4.50000000e+01 4.80000000e+01 5.00000000e+01
 5.20000000e+01 5.60000000e+01 5.80000000e+01 6.10000000e+01
 6.30000000e+01 6.50000000e+01 6.80000000e+01 7.10000000e+01
 7.30000000e+01 7.60000000e+01 7.80000000e+01 8.00000000e+01
 0.00000000e+00 6.38173530e-01 1.27634706e+00 3.20956871e+00
 7.22328281e+00 1.43904625e+01 2.10036233e+01 2.83040480e+01
 3.46904586e+01 4.19441306e+01 4.90365060e+01 5.61335567e+01
 0.00000000e+00 8.64864865e-01 3.45945946e+00 7.78378378e+00
 1.42702703e+01 2.11891892e+01 2.85405405e+01 3.54594595e+01
 4.19459459e+01 4.86486486e+01 5.60000000e+01 6.22702703e+01
 6.94054054e+01 7.67567568e+01 0.00000000e+00 3.97614314e-02
 9.94035785e-01 1.94831014e+00 2.98210736e+00 5.00994036e+00
 6.99801193e+00 1.00198807e+01 1.29622266e+01 1.79721670e+01]","[0.         0.00561455 0.03079386 0.05317819 0.12311386 0.13988365
 0.190193   0.24327269 0.32436975 0.56204636 0.69915966 0.86429649
 0.95657955 0.99524117 1.00336134 1.00351359 0.         0.00841567
 0.02798042 0.05036476 0.1091021  0.14258011 0.17885308 0.23193277
 0.36597408 0.43864931 0.59537661 0.77730785 0.99244621 0.99509342
 1.00055407 1.00070016 1.008072   0.         0.0168018  0.414559
 0.526319   0.671316   0.799449   0.916409   0.949258   0.982087
 0.         0.246337   0.380507   0.676923   0.967691   1.00611
 1.05017    1.0662     0.         0.0168018  0.414538   0.526299
 0.671275   0.743396   1.00052    0.         0.0168018  0.532314
 0.728164   0.884396   0.978906   1.00611    1.02213    0.
 0.02559747 0.05119085 0.08144762 0.12564134 0.15594315 0.2026221
 0.24691408 0.33774171 0.37983096 0.43349067 0.48500088 0.54128502
 0.         0.01083807 0.01390434 0.01700514 0.01763706 0.01859954
 0.01937866 0.0210983  0.02209016 0.0226799  0.02250173 0.02211823
 0.02479765 0.02504562 0.02580797 0.02619553 0.02657934 0.02963869
 0.02955514 0.03031417 0.03146157 0.03490085 0.03638966 0.03716442
 0.03850412 0.03927421 0.04004948 0.03926262 0.0401809  0.05064742
 0.10315011 0.15446707 0.20075527 0.21361756 0.23443005 0.2990799
 0.33518881 0.37644101 0.40055285 0.53610779 0.57851525 0.62526648
 0.66553905 0.69800856 0.76987267 0.79953966 0.85376612 0.91719652
 0.94551783 0.94593365 0.9510811  0.97078043 0.97177682 0.
 0.00251348 0.00371916 0.00509126 0.00588898 0.00609751 0.00648682
 0.00784488 0.00819434 0.00858647 0.00897945 0.00956502 0.01228114
 0.01240395 0.01279032 0.01317932 0.01356835 0.01628447 0.01644731
 0.01683408 0.01760823 0.02070948 0.02168685 0.02285205 0.02440267
 0.02527587 0.02587104 0.02506858 0.02695976 0.03326088 0.06546162
 0.14456259 0.21640487 0.24108148 0.29175695 0.45553281 0.6138416
 0.69770975 0.72396034 0.7448912  0.76694816 0.77363552 0.79677964
 0.79920809 0.80358639 0.82084127 0.82244585 0.82380902 0.84169735
 0.84222686 0.84263587 0.85948859 0.86791689 0.         0.00249865
 0.00515932 0.00869346 0.01115727 0.01294701 0.01450571 0.01439367
 0.01555177 0.01644517 0.01863861 0.01977027 0.01780572 0.01928913
 0.02017419 0.02061816 0.02192795 0.02112169 0.02216701 0.02300382
 0.0246649  0.02469275 0.02700556 0.02826822 0.0272492  0.02841396
 0.02947019 0.03029828 0.03049468 0.0325562  0.03508592 0.03631919
 0.04036356 0.04231082 0.04976532 0.24236673 0.42620001 0.53514208
 0.54123064 0.64728108 0.72483996 0.7428566  0.77738117 0.84024613
 0.90013538 0.86717193 0.89189    0.89764093 0.93103163 0.93762082
 0.         0.00318381 0.00537196 0.00889213 0.011087   0.0128691
 0.01406355 0.01415722 0.01617856 0.01737779 0.01817431 0.01992845
 0.01818445 0.01913883 0.02069344 0.02225406 0.02265593 0.02119949
 0.02179227 0.02326537 0.02364689 0.02183765 0.0235232  0.0261076
 0.02520298 0.02644062 0.02701557 0.0286632  0.02865346 0.03198793
 0.03371146 0.03462219 0.04083744 0.04556408 0.06967057 0.23700577
 0.35964754 0.44064057 0.62712599 0.73953805 0.77150011 0.78073561
 0.82075604 0.85403483 0.85763824 0.90238824 0.91191911 0.9143961
 0.95033124 0.95273957 0.         0.01444137 0.02888274 0.03355801
 0.07188218 0.25971091 0.59251179 0.8383008  0.9730523  0.9821301
 0.99122089 0.99064947 0.         0.00988341 0.02980922 0.04504505
 0.05074192 0.04668786 0.06229465 0.13667197 0.31883943 0.55495495
 0.8009539  0.8899576  0.91043985 0.92114467 0.         0.10666667
 0.33333333 0.49777778 0.62222222 0.72444444 0.78222222 0.84888889
 0.88444444 0.90222222]","[0.01460266 0.03820783 0.04394746 0.07434556 0.20990956 0.22992086
 0.299553   0.33835647 0.362477   0.4268127  0.4495178  0.46889627
 0.5475448  0.62984836 0.78306293 0.80985475 0.01333722 0.03509724
 0.05348745 0.06692615 0.20357704 0.2527228  0.31466416 0.3481025
 0.41281593 0.4387923  0.48494828 0.5433056  0.653003   0.7055366
 0.81658065 0.8407097  0.8651327  0.00656766 0.08032018 0.38931826
 0.48513186 0.6246683  0.65828896 0.7010728  0.7519859  0.8217987
 0.00679448 0.2306472  0.31648916 0.45167074 0.5456419  0.5981902
 0.6622629  0.686779   0.00501329 0.06972528 0.37486416 0.47107306
 0.628121   0.67452574 0.71968824 0.00211334 0.10101184 0.4949415
 0.6259088  0.6965519  0.7291861  0.76254207 0.80823547 0.02191162
 0.06495219 0.06081158 0.12797582 0.12732425 0.18823984 0.26450446
 0.3019028  0.35687858 0.4068016  0.4592876  0.49686918 0.55047107
 0.01043186 0.01655391 0.02111477 0.02926299 0.0369978  0.04121351
 0.04288453 0.04475111 0.04783061 0.0494391  0.05137721 0.05336595
 0.05373585 0.05375606 0.06276235 0.06253231 0.06538677 0.07531914
 0.08069032 0.08623099 0.09049299 0.10097635 0.10704005 0.11646956
 0.11662039 0.12525508 0.13622904 0.1400199  0.21487674 0.26650003
 0.30446827 0.39591673 0.4313984  0.47326678 0.5105957  0.5998291
 0.62715316 0.6583495  0.68440616 0.73588145 0.7836466  0.7879207
 0.79501426 0.8040967  0.8050958  0.80847883 0.80847883 0.8119689
 0.8137307  0.8137307  0.8169466  0.82177484 0.82177484 0.00929886
 0.01270381 0.01589239 0.01948386 0.01995337 0.01960802 0.01970094
 0.01869354 0.02067018 0.02149019 0.02227077 0.02363381 0.02375805
 0.03035197 0.02937114 0.0261789  0.02594885 0.0158869  0.02243692
 0.02264273 0.02423871 0.02605432 0.02664933 0.02821735 0.02871612
 0.03388584 0.04223159 0.06243253 0.1998739  0.2700783  0.39546657
 0.43991867 0.471655   0.50172627 0.55339634 0.66244686 0.6945461
 0.7507268  0.7973     0.8396771  0.87393904 0.87896824 0.8840755
 0.8909999  0.88973    0.8911293  0.8911293  0.8897685  0.8910481
 0.8910481  0.89790714 0.9186716  0.9186716  0.00891313 0.01229617
 0.01445976 0.01786241 0.01872078 0.01883391 0.0190039  0.01895002
 0.01989964 0.02087623 0.02151629 0.0223411  0.02757585 0.03187552
 0.07132182 0.07705581 0.08720317 0.10421145 0.16347727 0.18134674
 0.19677651 0.22238085 0.235852   0.26632735 0.2654624  0.26372615
 0.26245493 0.27025452 0.2848483  0.3048817  0.3847643  0.36517185
 0.37044692 0.36196393 0.35354468 0.35813528 0.3949811  0.44363028
 0.480244   0.54663527 0.62388825 0.6566831  0.69459355 0.7139659
 0.73199284 0.7576457  0.7576457  0.7907312  0.81568885 0.81568885
 0.00898075 0.01236379 0.01458678 0.01805469 0.01901671 0.01912984
 0.01929983 0.01940095 0.02035058 0.02103221 0.02158391 0.02237004
 0.02757585 0.03187552 0.07132182 0.07705581 0.08720317 0.10432208
 0.16347727 0.18134674 0.19658181 0.22320661 0.23667777 0.2671531
 0.26628816 0.2645519  0.26298967 0.27078927 0.28538305 0.3048817
 0.3847643  0.36517185 0.37044692 0.36196393 0.35354468 0.35813528
 0.3949811  0.44363028 0.480244   0.54663527 0.62388825 0.6566831
 0.69459355 0.7139659  0.73199284 0.7576457  0.7576457  0.7907312
 0.81568885 0.81568885 0.01657403 0.02982575 0.04132637 0.06790629
 0.13432345 0.44368124 0.6010879  0.6310588  0.6857064  0.69471955
 0.72193503 0.7569597  0.01283917 0.0290859  0.05096227 0.11177704
 0.41203564 0.5125832  0.50386447 0.55441934 0.5547161  0.5615587
 0.5882902  0.6033505  0.6378783  0.6532271  0.01167244 0.01167244
 0.31950295 0.43254706 0.57736564 0.72411555 0.8888232  0.95906174
 0.96676886 0.9625143 ]",0.01946409035301251
4,0.09431373734969677,0.15569552913885526,"{'subsample': 0.5, 'reg_lambda': 0.001, 'reg_alpha': 0.1, 'n_estimators': 150, 'min_child_weight': 1.0, 'max_depth': 4, 'max_delta_step': 2, 'learning_rate': 0.1, 'gamma': 0, 'booster': 'gbtree'}",['CBD-PLGA' 'CBD-PLGA' 'CBD-PLGA' ... 'THC-PCL' 'THC-PCL' 'THC-PCL'],[36 36 36 ...  7  7  7],"[ 0.          0.45638945  0.54766734 ... 10.01988072 12.96222664
 17.972167  ]",[0.         0.04127202 0.10738214 ... 0.84888889 0.88444444 0.90222222],"[-0.02161822  0.10326052  0.12871607 ...  0.98065245  1.0068246
  1.0234135 ]",0.061381791789158494
